1.041400000000000024e-04
1.009899999999999936e-04
1.006800000000000051e-04
9.689000000000000238e-05
9.828000000000000093e-05
9.676000000000000193e-05
9.317000000000000412e-05
8.951000000000000189e-05
8.864000000000000514e-05
8.610000000000000574e-05
8.576000000000000561e-05
8.224999999999999347e-05
8.302000000000000135e-05
8.124000000000000145e-05
7.990000000000000411e-05
7.752000000000000318e-05
7.849000000000000237e-05
7.608000000000000342e-05
7.284000000000000056e-05
7.187000000000000137e-05
7.163999999999999849e-05
7.038999999999999522e-05
6.807999999999999870e-05
6.797999999999999627e-05
6.629999999999999880e-05
6.525999999999999520e-05
6.498999999999999948e-05
6.407000000000000152e-05
6.263000000000000175e-05
6.198999999999999433e-05
6.098000000000000230e-05
5.983000000000000145e-05
5.865999999999999741e-05
5.752999999999999976e-05
5.725000000000000244e-05
5.529000000000000088e-05
5.518999999999999844e-05
5.465000000000000023e-05
5.389000000000000073e-05
5.273999999999999988e-05
5.139000000000000095e-05
5.085000000000000273e-05
5.092000000000000036e-05
4.874999999999999912e-05
4.911000000000000245e-05
4.831999999999999815e-05
4.789999999999999879e-05
4.639000000000000138e-05
4.551000000000000303e-05
4.631000000000000215e-05
4.432000000000000257e-05
4.436000000000000219e-05
4.322000000000000294e-05
4.326000000000000255e-05
4.267000000000000312e-05
4.258000000000000229e-05
4.199999999999999768e-05
4.121000000000000016e-05
4.025999999999999739e-05
3.953999999999999751e-05
3.966000000000000314e-05
3.963999999999999994e-05
3.823999999999999979e-05
3.804000000000000171e-05
3.719000000000000138e-05
3.721999999999999940e-05
3.614000000000000296e-05
3.541000000000000148e-05
3.594999999999999970e-05
3.530999999999999905e-05
3.512999999999999738e-05
3.492999999999999930e-05
3.401000000000000133e-05
3.335999999999999908e-05
3.337000000000000068e-05
3.232999999999999709e-05
3.186000000000000328e-05
3.241999999999999792e-05
3.292000000000000330e-05
3.067000000000000282e-05
3.151000000000000155e-05
3.071000000000000243e-05
3.047999999999999955e-05
2.964999999999999903e-05
3.019000000000000063e-05
2.898999999999999857e-05
2.824999999999999888e-05
2.839000000000000093e-05
2.822999999999999907e-05
2.811000000000000022e-05
2.782999999999999951e-05
2.794000000000000015e-05
2.671000000000000007e-05
2.701999999999999880e-05
2.695999999999999937e-05
2.669000000000000026e-05
2.614999999999999866e-05
2.640999999999999956e-05
2.498999999999999960e-05
2.481000000000000132e-05
2.468999999999999908e-05
2.481999999999999953e-05
2.472999999999999870e-05
