2.302999999999999871e-04
2.244000000000000064e-04
2.133000000000000076e-04
2.161999999999999968e-04
2.072999999999999973e-04
2.077000000000000070e-04
2.113999999999999885e-04
1.960999999999999961e-04
1.993999999999999950e-04
1.967000000000000107e-04
1.857999999999999897e-04
1.882999999999999962e-04
1.814999999999999936e-04
1.751000000000000007e-04
1.771999999999999975e-04
1.709000000000000070e-04
1.710000000000000094e-04
1.724999999999999917e-04
1.642000000000000068e-04
1.585000000000000037e-04
1.571999999999999992e-04
1.586000000000000062e-04
1.477999999999999876e-04
1.515999999999999986e-04
1.475000000000000074e-04
1.463000000000000053e-04
1.462000000000000029e-04
1.463000000000000053e-04
1.391999999999999954e-04
1.356999999999999916e-04
1.314999999999999980e-04
1.286000000000000088e-04
1.318000000000000053e-04
1.288999999999999890e-04
1.251000000000000050e-04
1.201999999999999943e-04
1.269999999999999970e-04
1.181999999999999999e-04
1.179000000000000062e-04
1.117000000000000046e-04
1.128000000000000042e-04
1.163999999999999969e-04
1.111000000000000035e-04
1.123999999999999945e-04
1.123999999999999945e-04
1.107999999999999963e-04
1.067999999999999939e-04
1.055000000000000030e-04
1.035999999999999974e-04
1.022000000000000041e-04
9.859999999999999787e-05
9.299999999999999727e-05
9.590000000000000000e-05
1.016000000000000030e-04
9.830000000000000413e-05
9.760000000000000067e-05
9.129999999999999661e-05
8.890000000000000604e-05
9.550000000000000383e-05
8.820000000000000257e-05
8.370000000000000161e-05
8.440000000000000507e-05
8.899999999999999491e-05
8.030000000000000028e-05
9.009999999999999455e-05
8.349999999999999675e-05
7.770000000000000485e-05
7.689999999999999896e-05
7.229999999999999556e-05
7.749999999999999999e-05
7.310000000000000146e-05
7.480000000000000212e-05
7.430000000000000352e-05
7.389999999999999380e-05
7.330000000000000632e-05
7.059999999999999490e-05
7.499999999999999343e-05
7.119999999999999593e-05
7.239999999999999799e-05
6.799999999999999946e-05
7.069999999999999733e-05
6.710000000000000469e-05
6.320000000000000476e-05
6.660000000000000609e-05
6.679999999999999740e-05
6.580000000000000020e-05
6.899999999999999667e-05
6.689999999999999983e-05
6.609999999999999394e-05
5.849999999999999894e-05
6.380000000000000580e-05
6.000000000000000152e-05
6.179999999999999784e-05
6.289999999999999747e-05
5.479999999999999710e-05
5.750000000000000174e-05
5.589999999999999673e-05
5.420000000000000284e-05
5.720000000000000122e-05
5.550000000000000056e-05
5.840000000000000329e-05
5.459999999999999901e-05
5.619999999999999725e-05
