1.000000000000000000e+00
2.660394999999999843e-01
1.186451000000000033e-01
6.486350000000000449e-02
4.030849999999999711e-02
2.721010000000000095e-02
1.948770000000000016e-02
1.469969999999999957e-02
1.131429999999999936e-02
9.073299999999999421e-03
7.389999999999999868e-03
6.117400000000000268e-03
5.166999999999999718e-03
4.453000000000000361e-03
3.839799999999999984e-03
3.355200000000000023e-03
2.952499999999999829e-03
2.605300000000000064e-03
2.336200000000000082e-03
2.109399999999999990e-03
1.900400000000000006e-03
1.727900000000000096e-03
1.564999999999999985e-03
1.431800000000000000e-03
1.325900000000000082e-03
1.222100000000000053e-03
1.126499999999999897e-03
1.044500000000000072e-03
9.825999999999999231e-04
9.033999999999999496e-04
8.396000000000000251e-04
7.919000000000000041e-04
7.414999999999999716e-04
6.980000000000000527e-04
6.564999999999999655e-04
6.363000000000000166e-04
5.885000000000000474e-04
5.622000000000000044e-04
5.347999999999999889e-04
5.035000000000000413e-04
4.803000000000000195e-04
4.417000000000000028e-04
4.345999999999999928e-04
4.104000000000000009e-04
4.001000000000000216e-04
3.749000000000000054e-04
3.638000000000000066e-04
3.528000000000000103e-04
3.461000000000000101e-04
3.155999999999999734e-04
3.063000000000000184e-04
2.910999999999999742e-04
2.851999999999999934e-04
2.732999999999999752e-04
2.598999999999999748e-04
2.585999999999999974e-04
2.429999999999999977e-04
2.325000000000000135e-04
2.276000000000000028e-04
2.212000000000000099e-04
2.121000000000000055e-04
1.995999999999999999e-04
1.956000000000000111e-04
1.877000000000000088e-04
1.850999999999999998e-04
1.798000000000000065e-04
1.770999999999999951e-04
1.730000000000000038e-04
1.631000000000000071e-04
1.573000000000000017e-04
1.543000000000000101e-04
1.593999999999999985e-04
1.522999999999999886e-04
1.485000000000000046e-04
1.406000000000000023e-04
1.348999999999999993e-04
1.312999999999999931e-04
1.322999999999999903e-04
1.219999999999999974e-04
1.221000000000000134e-04
1.171000000000000003e-04
1.145000000000000049e-04
1.127000000000000018e-04
1.080999999999999984e-04
1.056000000000000054e-04
1.058999999999999991e-04
1.013999999999999982e-04
1.015000000000000006e-04
1.000000000000000048e-04
9.349999999999999587e-05
9.409999999999999691e-05
8.749999999999999911e-05
9.249999999999999867e-05
8.760000000000000154e-05
9.079999999999999801e-05
8.610000000000000574e-05
8.600000000000000331e-05
8.160000000000000478e-05
7.590000000000000175e-05
7.889999999999999336e-05
7.920000000000000065e-05
7.509999999999999586e-05
7.459999999999999726e-05
7.389999999999999380e-05
