1.077288954174129010e-01
1.071558308305749774e-01
1.068721997067521717e-01
1.067807891168828099e-01
1.066854606512746551e-01
1.064296151748366226e-01
1.060819811758529768e-01
1.055937490527106282e-01
1.055083018273614837e-01
1.055729446359849472e-01
1.046748432013621388e-01
1.045403452628975161e-01
1.044355846546518030e-01
1.045300786548403749e-01
1.037256233240126113e-01
1.042297504817431275e-01
1.032434782540394697e-01
1.028523452470196109e-01
1.027629611424534795e-01
1.029396016972855266e-01
1.023727766087825231e-01
1.025925845186298063e-01
1.017047738937777307e-01
1.021162845208009734e-01
1.015635123087570008e-01
1.009817055427916499e-01
1.007083986481211169e-01
1.002517341518420341e-01
1.002508942886557175e-01
9.971999183581918558e-02
9.979582018361864149e-02
9.967315922702807418e-02
9.890804744261640080e-02
9.936785914323872926e-02
9.842100394224893856e-02
9.838340192312355903e-02
9.813984434542365187e-02
9.794045524194926189e-02
9.752634155173475761e-02
9.749933308001908217e-02
9.725207712667841009e-02
9.699798768802005144e-02
9.663827361504498392e-02
9.658133735113738627e-02
9.628667142921079614e-02
9.628511052474066079e-02
9.572596281732341505e-02
9.527238162666501475e-02
9.530792376129357257e-02
9.521605680610083222e-02
9.485634816985742679e-02
9.449753170594898943e-02
9.421030674286262618e-02
9.413479962441294313e-02
9.399876330992808227e-02
9.375760106554804907e-02
9.333801109851645739e-02
9.306386231270150078e-02
9.319743282715876875e-02
9.284737574928900172e-02
9.257802843196676068e-02
9.227162130188279465e-02
9.200345748345280239e-02
9.226812887100074856e-02
9.207068652826143340e-02
9.164605729519387234e-02
9.087126731159440862e-02
9.088849718714327175e-02
9.065451426478020325e-02
9.066465233826882797e-02
9.063519371447119333e-02
9.013300581628576336e-02
8.992103699076453571e-02
8.966002770848092995e-02
8.925253305391317449e-02
8.948691402124457628e-02
8.884402278920992824e-02
8.925971037497920646e-02
8.898722084459909087e-02
8.827375714115913430e-02
8.843424654813746011e-02
8.838713945099174740e-02
8.771972438814573669e-02
8.770406444517911404e-02
8.745891819237468223e-02
8.705449917038274310e-02
8.712667914476958375e-02
8.654927441129670052e-02
8.649781060644753938e-02
8.645327914295987404e-02
8.617682483046783248e-02
8.580517489731892544e-02
8.563918648490788377e-02
8.552971120130035965e-02
8.522797812580758248e-02
8.554180591560744951e-02
8.492184502447888694e-02
8.457788948137090479e-02
8.466978835499507083e-02
8.419149764262462421e-02
8.398113352364366957e-02
8.400802575369155367e-02
8.379617991805324295e-02
8.358332832584539074e-02
8.403581490948003330e-02
8.322518457875811848e-02
8.342089740558247812e-02
8.297432866442243371e-02
8.257188282956560987e-02
8.258581762548425353e-02
8.183523504741742338e-02
8.195990394315993965e-02
8.194788421996682115e-02
8.170467556263061315e-02
8.140875644166066516e-02
8.119821226349309418e-02
8.095783484287627507e-02
8.097217963622012349e-02
8.107075055480707226e-02
8.037362194701359874e-02
8.047669349978694986e-02
8.048760386388902066e-02
8.030259241695815453e-02
7.991870511898968577e-02
7.975771876288548223e-02
7.974102023563468811e-02
7.922523892445668126e-02
7.939109944574125610e-02
7.942550405618985232e-02
7.913753524863878508e-02
7.892647196209442995e-02
7.876599179702178932e-02
7.842890768236271404e-02
7.839571246797412407e-02
7.837888870580005107e-02
7.828180850738214458e-02
7.773861969876276479e-02
7.816818284444188025e-02
7.743972791814855705e-02
7.732383237070709903e-02
7.711699336067261157e-02
7.708187897371147901e-02
7.661074874333272111e-02
7.698603446747033507e-02
7.657749140177387559e-02
7.660510593808235458e-02
7.649397603212065855e-02
7.600523388892858889e-02
7.595947513146694696e-02
7.599385899822690138e-02
7.601175064599724474e-02
7.577480898717428581e-02
7.601799317229636366e-02
7.535159329786444982e-02
7.524899814477703508e-02
7.517763530867990762e-02
7.503099536709062489e-02
7.505400133841445831e-02
7.497508364325450314e-02
7.471892083074614666e-02
7.437043777077850804e-02
7.459597813002633027e-02
7.429029947327123184e-02
7.444915806663718327e-02
7.426169076417132864e-02
7.407645049318566099e-02
7.368448393060293700e-02
7.389326970348394918e-02
7.378906637680464342e-02
7.361731159552270531e-02
7.348984672637411120e-02
7.340527455586369487e-02
7.331682960278314287e-02
7.312907839252785758e-02
7.296389293864553871e-02
7.335477302485698958e-02
7.307386469966019316e-02
7.305595741241704966e-02
7.298101670813257613e-02
7.324200814113025759e-02
7.245183219707714006e-02
7.249153705217721566e-02
7.257235943148038215e-02
7.244467535423948501e-02
7.244156350901959085e-02
7.217311644829557671e-02
7.219820347697789020e-02
7.221097285207626892e-02
7.217602881727235020e-02
7.191221810648436297e-02
7.149845243815085294e-02
7.177142171213721222e-02
7.157641399032145524e-02
7.187659086811595821e-02
7.138407841032082257e-02
7.180641582164846992e-02
7.132626673084119240e-02
7.127007117716563367e-02
7.152053967748393803e-02
7.132994533254662095e-02
7.144330094217002380e-02
7.130303712601337995e-02
7.137868428340957139e-02
7.103266861527419984e-02
7.105412275959092916e-02
7.128306891252544908e-02
7.099521618949018731e-02
7.087694592396039106e-02
7.098566769296212053e-02
7.073415372816715951e-02
7.091368984814569454e-02
7.095389997431260365e-02
7.089815692203942088e-02
7.066871179316525087e-02
7.084160741889852786e-02
7.059667313380159348e-02
7.065832499601414074e-02
7.042738483516559900e-02
7.068782850715571442e-02
7.058090885776789614e-02
7.066143216332756993e-02
7.075713449891207762e-02
7.064546318408250480e-02
7.069959305166521879e-02
7.057869110447349825e-02
7.048368634738569338e-02
7.054057030122876104e-02
7.037833687665531746e-02
7.061633482941219453e-02
7.085228096927831398e-02
7.028942748496369575e-02
7.044943502682834979e-02
7.052472506660281693e-02
7.071774084298446117e-02
7.077842423692019824e-02
7.041512831472337974e-02
7.060210822223599025e-02
7.037377997718166633e-02
7.078185715210381923e-02
7.070850429530357861e-02
7.088540986632788088e-02
7.079998755904674812e-02
7.059905731619767200e-02
7.062815802450302105e-02
7.083222053211089830e-02
7.078720467187983589e-02
7.083233604647366788e-02
7.072449201830524612e-02
7.096692746269170349e-02
7.043687425356047471e-02
7.106977520831057882e-02
7.084282340093750463e-02
7.079661545216311969e-02
7.116064531206332811e-02
7.098626173700789410e-02
7.112008744163447749e-02
7.133935108508644707e-02
7.106115153915729121e-02
7.119642280947624524e-02
7.143972106349838480e-02
7.142561085163841306e-02
7.105870792965063298e-02
7.157322503085693233e-02
7.173682810139410393e-02
7.179929076646340835e-02
7.150778524502457434e-02
7.174328581460037713e-02
7.150618229742752852e-02
7.169616447412061055e-02
7.208328995781675130e-02
7.205145032552567885e-02
7.221313381499432082e-02
7.236444991366221269e-02
7.228636993901424446e-02
7.225564503118742099e-02
7.221589067009556717e-02
7.263971829092505383e-02
7.260344335202895127e-02
7.277600091516085723e-02
7.252089437276297568e-02
7.292699827106464971e-02
7.256513785927448668e-02
7.304650708863670572e-02
7.341924400448311683e-02
7.304731259649203945e-02
7.315854651579654921e-02
7.339403126019805601e-02
7.344188645090438117e-02
7.373625006416258121e-02
7.391141223408265182e-02
7.369485991997258567e-02
7.367028705251608967e-02
7.390979736072976480e-02
7.417381283540899761e-02
7.428600664679908816e-02
7.425791378004148457e-02
7.444746862612720839e-02
7.437078379954938090e-02
7.470708723282788732e-02
7.458461141582284348e-02
7.498117527128682347e-02
7.516744370937994413e-02
7.515267165087134715e-02
7.546323126543443005e-02
7.541665894593023445e-02
7.571247063350700079e-02
7.610550220847031588e-02
7.568084236713441826e-02
7.622193357501870492e-02
7.546368602770207878e-02
7.603686663599540374e-02
7.647695390993031195e-02
7.635266837303751608e-02
7.660320894488720223e-02
7.661811372860473368e-02
7.729971902423833641e-02
7.693154602885352022e-02
7.698334319500597933e-02
7.700531133461596678e-02
7.715528453455432201e-02
7.752159351979048818e-02
7.785997262676709607e-02
7.783145260684228017e-02
7.803141055627983713e-02
7.853268230486859514e-02
7.841758475792710847e-02
7.813169949448114937e-02
7.874212345377062938e-02
7.872637968349231741e-02
7.910793917518002538e-02
7.942513142095372625e-02
7.935257402247984648e-02
7.936805316550991918e-02
7.976876455660723841e-02
7.951467311551980999e-02
7.952754694792815715e-02
8.022710173543450007e-02
8.035205287342170322e-02
8.044285951099526544e-02
8.059032165254842450e-02
8.096778557602241078e-02
8.075878082674131653e-02
8.084941233559414520e-02
8.155723057277095012e-02
8.130881060870837063e-02
8.144116544712103056e-02
8.185340072314271909e-02
8.212015373307529620e-02
8.249480090528700515e-02
8.266354929120174611e-02
8.257826668356649247e-02
8.290371028623524929e-02
8.282278604428790214e-02
8.296431046457511393e-02
8.319968120911706844e-02
8.345273163510107117e-02
8.367007733217542154e-02
8.378516512753513001e-02
8.434341074965853724e-02
8.395301895224428768e-02
8.457883758886636238e-02
8.480219314918716056e-02
8.525622665729096217e-02
8.533175168057857696e-02
8.533804695656119210e-02
8.569134638688513661e-02
8.611753260756108141e-02
8.622837746436468054e-02
8.609235793333529230e-02
8.605576640623641138e-02
8.671818189206746685e-02
8.687828558037603843e-02
8.675405831555085823e-02
8.712560871269479923e-02
8.740407491265907158e-02
8.747983361064703978e-02
8.788192381502253625e-02
8.782234249302071916e-02
8.759857025381867501e-02
8.799831499743135388e-02
8.874536744690414425e-02
8.924532037802136719e-02
8.898775140235681835e-02
8.930959760606194120e-02
8.938618424802587115e-02
8.949303229900534840e-02
9.014493541029180990e-02
9.030530640626478756e-02
8.975972585682878702e-02
9.041374144082615916e-02
9.075490597429666795e-02
9.069643842189463456e-02
9.123614773715633952e-02
9.147017568642198948e-02
9.197458841590007428e-02
9.178197585934533276e-02
9.223788847141864422e-02
9.236442341611011964e-02
9.247471859845725339e-02
9.278165055187688470e-02
9.322151254992751268e-02
9.318435342263754750e-02
9.348907559660633859e-02
9.398482397642925201e-02
9.364549768840646493e-02
9.443706460841345962e-02
9.421835444723271336e-02
9.454055942144982960e-02
9.483056733582652387e-02
9.494846670587452075e-02
9.506597650287315626e-02
9.554038816432650072e-02
9.596318188939713389e-02
9.556124606695406976e-02
9.619180299127583211e-02
9.642223301513209999e-02
9.678534974306146621e-02
9.709725049526932161e-02
9.707311768349484449e-02
9.752485392595186542e-02
9.758702840957365898e-02
9.820711041045321332e-02
9.841474526908387810e-02
9.871514873894178532e-02
9.901433376085716498e-02
9.920754920402614918e-02
9.973937535797304521e-02
9.940547772051823439e-02
9.964287728037271585e-02
9.971307618388496052e-02
1.005109042466481167e-01
1.005253449512702180e-01
1.008846146254618881e-01
1.009357403532996494e-01
1.013756539898567760e-01
1.016304121226584145e-01
1.014801702869498889e-01
1.023079989589851108e-01
1.025749186328385465e-01
1.025781725563534585e-01
1.031969362074388608e-01
1.035978978326069777e-01
1.031389719177663589e-01
1.038868737170810935e-01
1.036989242168729619e-01
1.039129059681984657e-01
1.041576681029753454e-01
1.049560169317912128e-01
1.050949934700225186e-01
1.051170544269294238e-01
1.056973204949217537e-01
1.054861863047755477e-01
1.065765603567437741e-01
1.064568601652025326e-01
1.067011992770574291e-01
1.068307143165623391e-01
1.072603768674115915e-01
1.071497947800647693e-01
1.076428088893554985e-01
1.083455257744045941e-01
1.082539099720651737e-01
1.082877191345243406e-01
1.086406777899238535e-01
1.088739318041313520e-01
1.096091051824163720e-01
1.094243447268803821e-01
1.093584964215043587e-01
1.102524594521332169e-01
1.100168491086293832e-01
1.103748456366703129e-01
1.109217253063141673e-01
1.112332403561982069e-01
1.114599245224622143e-01
1.117464510349693019e-01
1.118796965207689842e-01
1.119173150839458813e-01
1.123251678481246990e-01
1.124155262265940508e-01
1.131866709103923757e-01
1.130428842575889187e-01
1.131212458955885847e-01
1.140578845389462470e-01
1.142205026048601219e-01
1.145919726685936529e-01
1.152511614346870272e-01
1.149196969482440961e-01
1.150358626864744493e-01
1.152797520950031990e-01
1.156972148635284081e-01
1.158164081862289863e-01
1.163735095039945960e-01
1.166931974631302132e-01
1.170187693496170384e-01
1.172485736646209781e-01
1.174077007579211324e-01
1.183120191360919893e-01
1.183155673855219581e-01
1.186462964474580134e-01
1.188306522414152577e-01
1.192150077921693141e-01
1.194696529422472897e-01
1.200413011768978189e-01
1.201951238155837126e-01
1.198037869555333562e-01
1.202689888137522811e-01
1.207576067758770882e-01
1.210846814399268029e-01
1.211266443316986741e-01
1.213950344576837648e-01
1.217264907229254206e-01
1.224741420535212927e-01
1.222551282307481058e-01
1.233415409325742673e-01
1.230514802107262051e-01
1.235006681794798694e-01
1.235003878884000927e-01
1.238976433825287882e-01
1.240251007184825366e-01
1.247969081481925535e-01
1.246944344745356537e-01
1.250171449968118798e-01
1.252034806145232715e-01
1.254042809337584108e-01
1.263029761456450628e-01
1.268019187526056024e-01
1.269618002472154283e-01
1.266692808022904237e-01
1.269839937097449190e-01
1.272294770301965749e-01
1.276484152802785377e-01
1.279182527635343014e-01
1.286604441312500791e-01
1.291619033207919987e-01
1.289894084205351621e-01
1.290829466805752390e-01
1.295883520816027978e-01
1.298142157227330784e-01
1.300118862507144424e-01
1.304417969523575527e-01
1.309023058436011300e-01
1.310395285682983413e-01
1.313883312002867565e-01
1.314303438854710904e-01
1.323416365703404263e-01
1.318492313744301925e-01
1.321507821730409371e-01
1.330210981911477963e-01
1.335119177394774870e-01
1.330189567187406718e-01
1.335722401098407564e-01
1.335985466312494818e-01
1.344724718833453514e-01
1.344573526591246182e-01
1.347955086374579003e-01
1.353244517122481339e-01
1.358705540962681091e-01
1.361235453783480043e-01
1.359326053404388002e-01
1.365287588337198155e-01
1.365774499011220278e-01
1.371035272559988361e-01
1.370816983270976008e-01
1.375888543358655125e-01
1.384010477969814801e-01
1.379274829500622412e-01
1.389307897004203873e-01
1.387337401106146229e-01
1.391314349077227008e-01
1.392608370980963350e-01
1.398761801845423980e-01
1.404513051747884322e-01
1.407508424758322496e-01
1.409703123047111595e-01
1.411735741560756485e-01
1.415807249581509664e-01
1.414484240987539110e-01
1.420613237546389240e-01
1.424126472950563160e-01
1.428069360294521861e-01
1.431661764009635462e-01
1.436165523682012002e-01
1.434625735860116380e-01
1.438118336646860285e-01
1.439565147008648183e-01
1.443690950724874356e-01
1.445661583465554789e-01
1.449057273582262106e-01
1.461182316675615767e-01
1.454894192019226817e-01
1.457460643935824252e-01
1.459397854457652743e-01
1.469200840785029050e-01
1.468596256215405071e-01
1.473891979529618201e-01
1.472547720386380987e-01
1.479009929206220320e-01
1.482714494304558372e-01
1.484624992367723217e-01
1.490875480465794212e-01
1.493972925717941824e-01
1.492766050268729272e-01
1.487777276402216520e-01
1.498321459808414635e-01
1.505726478850186456e-01
1.507314864862241699e-01
1.508050250468278286e-01
1.516663043766150187e-01
1.514286135525037269e-01
1.522177320074697693e-01
1.523818309334669108e-01
1.524353919187848294e-01
1.527283278721735527e-01
1.527588250436681117e-01
1.537236798333884713e-01
1.540853725054439072e-01
1.549743185034657689e-01
1.542125629712564061e-01
1.546315042945870799e-01
1.552989841375090052e-01
1.555924798379954010e-01
1.559098128862797250e-01
1.558799743131060733e-01
1.558874506142272354e-01
1.561671750852484386e-01
1.568732512829255632e-01
1.576705375094445138e-01
1.576415482528389922e-01
1.581450013620995243e-01
1.581086107672504681e-01
1.586557000931085037e-01
1.590575292533832619e-01
1.592327627220156971e-01
1.599045489910513873e-01
1.599111095494926416e-01
1.598462453727419186e-01
1.607630599456872089e-01
1.605649804611721243e-01
1.617428248359370213e-01
1.614928043605166896e-01
1.613895247005318057e-01
1.613369968952423350e-01
1.623684888719360286e-01
1.632620926359411029e-01
1.629952154573453549e-01
1.640094028529510972e-01
1.639842371174170810e-01
1.637821451330651046e-01
1.640499328888116448e-01
1.651191956377267289e-01
1.654581985105729180e-01
1.644623861303509960e-01
1.659329733734436207e-01
1.659053891082211962e-01
1.661840631750841624e-01
1.670184846166822001e-01
1.672529619089676567e-01
1.673368445662939963e-01
1.675462989674192105e-01
1.672712237232224231e-01
1.680282664962556016e-01
1.686529429030785565e-01
1.686091410750702180e-01
1.685338821782872976e-01
1.692339296197975795e-01
1.698237396307510638e-01
1.702188721380359648e-01
1.699455621248265047e-01
1.702406113016523281e-01
1.705920685927117819e-01
1.720200390053156503e-01
1.719001433551234082e-01
1.723606729880536870e-01
1.726413790833909445e-01
1.724378396037794525e-01
1.728280265592777032e-01
1.729785722654108571e-01
1.738766039464280377e-01
1.737695764400210285e-01
1.744001481448343438e-01
1.748664183056087840e-01
1.750946096174599287e-01
1.752855986707144154e-01
1.752188022325163463e-01
1.760921919547349668e-01
1.756359251745982231e-01
1.770114924335358941e-01
1.772970106709791105e-01
1.769257067223728996e-01
1.780144882414168017e-01
1.784825659654021568e-01
1.782608610808018024e-01
1.787305704605867129e-01
1.780995388588515471e-01
1.795909760712765812e-01
1.796143845297223651e-01
1.795402566350737528e-01
1.802294348999752271e-01
1.804179956392080453e-01
1.806157628865641684e-01
1.807034238858883368e-01
1.819995689211678924e-01
1.816304746796936764e-01
1.821581904460982115e-01
1.828811511999481887e-01
1.826928788620583166e-01
1.835983232598857873e-01
1.831750609163928789e-01
1.834860338882169650e-01
1.838695713511894481e-01
1.841046686010506250e-01
1.847431212576741699e-01
1.849955187755182306e-01
1.851427921644595298e-01
1.864493762447048397e-01
1.858538326826799369e-01
1.861458531244354897e-01
1.866614211941707291e-01
1.861228306105564556e-01
1.871873385545616275e-01
1.876582051268769202e-01
1.882476058978193034e-01
1.882749240999265217e-01
1.889517040310352280e-01
1.883645538788809026e-01
1.893347919212748365e-01
1.898335962319436521e-01
1.899315021514919322e-01
1.905151715997120410e-01
1.904330684148566044e-01
1.910012222286646411e-01
1.910712951611326094e-01
1.914490527129472930e-01
1.920957794112378159e-01
1.914404647335102572e-01
1.923298945492132039e-01
1.926476887958721573e-01
1.931649512540774549e-01
1.933490702645032644e-01
1.937557645168991316e-01
1.942107985650408097e-01
1.944632239363936754e-01
1.949949788570330411e-01
1.955366871640056570e-01
1.959582665844717131e-01
1.964493996162867684e-01
1.962256056336621757e-01
1.973348773025596359e-01
1.964684707229626404e-01
1.965500010238381556e-01
1.971805530767445358e-01
1.979378323571193699e-01
1.980702149144269730e-01
1.991601164063444007e-01
1.990694726984614527e-01
1.990656053193287367e-01
1.997333742984463423e-01
2.002890571470437864e-01
1.999777281518071437e-01
2.006574491132017968e-01
2.007780804081229220e-01
2.011751318340787853e-01
2.018628653506333026e-01
2.010870101895533557e-01
2.025919940041296663e-01
2.026019016049998012e-01
2.030935960524335726e-01
2.020786736286787344e-01
2.034239861002951344e-01
2.040204653119104816e-01
2.043323686248622040e-01
2.051125700170907951e-01
2.051033997062766401e-01
2.058824423115916402e-01
2.052054251503258320e-01
2.056210029848571652e-01
2.066452445807464566e-01
2.071231734340082398e-01
2.074827905348184676e-01
2.070938639815416982e-01
2.075306815160927465e-01
2.091174050420419317e-01
2.081193669381186384e-01
2.083297620506271430e-01
2.089632879865879200e-01
2.098121977766707613e-01
2.094280233859161788e-01
2.096671300796410509e-01
2.103264266091719459e-01
2.112415975497279053e-01
2.113962647168717846e-01
2.110882034492475023e-01
2.118141931464664340e-01
2.122146753616926673e-01
2.123493746818420347e-01
2.121660942510245895e-01
2.130544188429231711e-01
2.124698572959601572e-01
2.138409915437565756e-01
2.141577324584001407e-01
2.147464629073355391e-01
2.151631067447208889e-01
2.150054261295491487e-01
2.154388683456280873e-01
2.159032747390898233e-01
2.156187335090959667e-01
2.164754508784935971e-01
2.167181201342688601e-01
2.168705152182844043e-01
2.172664484204473445e-01
2.173015939134583518e-01
2.186133015898804599e-01
2.185323129492473815e-01
2.187980449031368957e-01
2.182942449788909667e-01
2.197991471504946726e-01
2.192906395944961562e-01
2.186680159241992383e-01
2.199543818427304454e-01
2.205096826717754532e-01
2.210248018571465967e-01
2.213922089279068417e-01
2.216522354203534217e-01
2.220010224871273030e-01
2.220652713093971553e-01
2.224517672389002831e-01
2.233440632605470932e-01
2.226380329331089369e-01
2.245785873796846688e-01
2.246622910475054580e-01
2.250958753161840242e-01
2.231817269247561020e-01
2.243603956183831682e-01
2.256469658968370540e-01
2.255970279320638483e-01
2.258744548956668208e-01
2.265917285561873662e-01
2.262306009411800267e-01
2.266583613375169892e-01
2.274568261406306746e-01
2.273234496359697876e-01
2.279002397160822535e-01
2.284823788039992143e-01
2.289321946306801525e-01
2.295877407872174703e-01
2.286470425043446997e-01
2.296391603856280383e-01
2.299990592373049314e-01
2.305103694417344196e-01
2.309562882776309833e-01
2.311197343158172268e-01
2.315673050698608404e-01
2.309208038512119143e-01
2.320760100970704343e-01
2.327544941082545504e-01
2.338571266856752373e-01
2.336631906599872799e-01
2.334132489050885773e-01
2.341751768446250215e-01
2.345610545586326590e-01
2.345580653874975441e-01
2.348981082837074963e-01
2.352188418211547671e-01
2.359662626078162517e-01
2.359469796597218894e-01
2.355161087104007400e-01
2.358484805602293621e-01
2.377217774060423616e-01
2.368348075602550451e-01
2.380406605129090081e-01
2.376519377732540794e-01
2.385239139930071806e-01
2.380207979847383526e-01
2.388617976385934427e-01
2.400730666004113056e-01
2.393152320973608582e-01
2.395991791275577931e-01
2.394560268312287965e-01
2.392765495337629278e-01
2.416180577220546355e-01
2.409696216762843013e-01
2.406523842359106768e-01
2.415340288663316848e-01
2.411835548740742796e-01
2.436441821263220786e-01
2.430718133994674290e-01
2.425391612351187332e-01
2.432830654585513008e-01
2.432533725944904246e-01
2.440125801496278168e-01
2.446971837671121364e-01
2.441275336668565221e-01
2.453912645866636044e-01
2.455077569845673657e-01
2.461236432203414981e-01
2.451394805648037245e-01
2.465673186079927470e-01
2.470521835046491921e-01
2.474262779931201972e-01
2.475981598019070806e-01
2.488725347823673439e-01
2.481398065483846060e-01
2.488595652213826392e-01
2.486309520419913710e-01
2.489466511561106987e-01
2.499852545444949392e-01
2.501331325793025862e-01
2.508924004446867473e-01
2.522686806431487794e-01
2.506251597686712795e-01
2.515765675693151793e-01
2.516777910251705719e-01
2.522500917875744597e-01
2.523704324730113302e-01
2.526998163255649299e-01
2.528256329575354622e-01
2.535847391815131413e-01
2.541883474357820583e-01
2.545665340553971978e-01
2.548287108016067393e-01
2.550097268939562345e-01
2.557810668950340482e-01
2.559565961553589286e-01
2.553650084080683613e-01
2.567788882062316813e-01
2.567985170895019098e-01
2.560325906297252763e-01
2.573304214740955720e-01
2.575667297061886574e-01
2.580577810541978545e-01
2.587694494745014229e-01
2.582888635801700583e-01
2.580129781368729058e-01
2.588841048368253905e-01
2.599570675307441014e-01
2.605834195533923703e-01
2.607024372612083973e-01
2.603156349252878088e-01
2.600892203926348234e-01
2.617648318562201259e-01
2.615342677284043238e-01
2.624326233606684156e-01
2.617086321647866809e-01
2.619865522976834171e-01
2.629579057690269450e-01
2.632225919530220559e-01
2.645027847671853061e-01
2.649599814085463190e-01
2.639767360901477122e-01
2.635999357617792027e-01
2.647024523475861590e-01
2.645891480709747223e-01
2.660741251041409128e-01
2.661044613383192758e-01
2.661762968414856934e-01
2.665337348847591215e-01
2.658652824867297482e-01
2.672972011804084502e-01
2.673797335358240601e-01
2.677952048154715325e-01
2.695612388048280184e-01
2.682351973485377350e-01
2.689002590843268536e-01
2.688492333679284307e-01
2.693418128458213157e-01
2.705724293627898014e-01
2.706441991761027177e-01
2.717351924613510827e-01
2.715206361341141461e-01
2.712195021459131716e-01
2.730183222250699426e-01
2.712136492673412058e-01
2.722357106371254831e-01
2.742730397088737337e-01
2.728002165237330412e-01
2.738651117582657224e-01
2.736393959541676968e-01
2.745511428586809299e-01
2.748120575736840987e-01
2.745844805899891883e-01
2.761113587392877156e-01
2.750032906036696256e-01
2.759173266400627433e-01
2.768510634540293225e-01
2.778722169229763117e-01
2.771163882853576177e-01
2.769053123851281106e-01
2.768339395774431222e-01
2.787081450562580165e-01
2.779855094058565901e-01
2.792008391463165484e-01
2.785128014931819163e-01
2.800169656433688647e-01
2.800261001411443185e-01
2.811218317444654780e-01
2.796594298957087443e-01
2.814228716365627658e-01
2.804448076184806182e-01
2.814648124474367075e-01
2.815909786756238820e-01
2.811330943418880457e-01
2.815719992148436046e-01
2.826690516836699030e-01
2.829239604079751835e-01
2.851789191136097634e-01
2.838782375802124114e-01
2.840833866440309885e-01
2.849195606888468291e-01
2.854429612652812920e-01
2.857458229743951583e-01
2.868966900169240830e-01
2.862012090767477313e-01
2.866271333636551955e-01
2.857692334261695000e-01
2.866729939303523933e-01
2.873175885213842262e-01
2.873604523889653484e-01
2.888627265752336526e-01
2.889118931681713964e-01
2.887972589506749288e-01
2.894812264235090415e-01
2.895693446993077846e-01
2.905135558472803359e-01
2.894234993273651635e-01
2.894200821872606744e-01
2.917868623135383421e-01
2.912640014088347384e-01
2.922196523050629158e-01
2.912795327969511794e-01
2.908360329171057468e-01
2.915812814834773392e-01
2.924063097285054535e-01
2.930944644848523795e-01
2.933646425173208616e-01
2.938636750260447128e-01
2.929811335924225046e-01
2.950362206682216049e-01
2.949525944661411381e-01
2.967633074379951719e-01
2.946515363162091061e-01
2.963292673001938771e-01
2.963208494430087381e-01
2.959603781949196599e-01
2.962203662374784940e-01
2.975530155953088896e-01
2.973604018773183810e-01
2.970957622089687722e-01
2.991512109979426182e-01
2.987130364754930767e-01
2.994792117950875188e-01
3.005813031101471355e-01
3.007498070700716508e-01
3.004618544781458844e-01
3.002724414112084572e-01
3.000329723781234303e-01
3.000846064812163205e-01
3.012226865738590886e-01
3.027886128464045701e-01
3.028053995841650248e-01
3.042204292892906614e-01
3.022087987389148744e-01
3.043462009813815428e-01
3.031734803044329185e-01
3.043194966141536950e-01
3.041627282862087722e-01
3.048062167951117174e-01
3.046743054677665818e-01
3.046771116401012502e-01
3.059198956127717750e-01
3.065710790581541167e-01
3.057775852802427918e-01
3.072753159171862647e-01
3.067091478971440410e-01
3.079114244476138795e-01
3.080085905273040048e-01
3.082107610153700938e-01
3.083515162965548284e-01
3.085558809207720188e-01
3.076461004299450575e-01
3.099158052067235714e-01
3.085962939101968283e-01
3.096484129028878596e-01
3.111480108056307592e-01
3.100891598355672296e-01
3.105216907295370032e-01
3.122754533949961830e-01
3.121201886258490599e-01
3.118601439746434001e-01
3.125136999147380967e-01
3.127987882795146279e-01
3.121001145674673349e-01
3.129361925890865037e-01
3.140454041490712833e-01
3.141272907198831565e-01
3.145087466972191215e-01
3.149535821171020600e-01
3.161819774558015106e-01
3.151790280274858747e-01
3.157974448287216296e-01
3.178133771426501775e-01
3.161129327342406814e-01
3.170339383909793751e-01
3.184125470201991659e-01
3.171942767739075464e-01
3.169730721735240508e-01
3.192461853493990254e-01
3.183951608813016532e-01
3.190554917343112473e-01
3.198707505252171290e-01
3.196065155688216919e-01
3.212380702576954072e-01
3.200628575883411875e-01
3.210239657983702810e-01
3.229001369691136825e-01
3.222324684603667944e-01
3.229530256986147263e-01
3.233227054850327797e-01
3.229547486134423662e-01
3.227823929799032987e-01
3.225822386820370036e-01
3.232744921776679048e-01
3.236238833419974315e-01
3.232920690979204648e-01
3.249068738006052337e-01
3.246866773507216530e-01
3.238479005630117702e-01
3.253127971074939451e-01
3.274129330487917655e-01
3.260966269155414765e-01
3.271240339246717088e-01
3.275080470978901093e-01
3.275672774349975835e-01
3.276053538799385545e-01
3.286151081805115948e-01
3.301348310573977707e-01
3.274824399454138169e-01
3.293820169631169748e-01
3.296787557182710438e-01
3.295388142270595511e-01
3.305286620445548329e-01
3.311098741329033257e-01
3.313423022534119355e-01
3.310568046190533464e-01
3.325463276133275858e-01
3.303261238815334289e-01
3.318041543722157760e-01
3.312566211256870452e-01
3.327415806605232285e-01
3.329573178874706274e-01
3.350844186848849215e-01
3.338939354824081995e-01
3.359529903488999714e-01
3.352781062831699521e-01
3.343154617634834791e-01
3.347186816649387886e-01
3.356617670978120915e-01
3.341646857391859515e-01
3.368626605682045749e-01
3.357558242157065442e-01
3.372090611256085002e-01
3.378375543870481557e-01
3.379689806206257474e-01
3.375472144400709640e-01
3.388907166500383372e-01
3.386128674303112152e-01
3.400620328571336559e-01
3.389406593841809978e-01
3.399853628480317136e-01
3.401888252767188425e-01
3.401056193016423479e-01
3.406556509663561383e-01
3.419550232132528844e-01
3.412263220517087747e-01
3.407429326420147730e-01
3.425080770036736943e-01
3.434828572960132442e-01
3.432451393170513620e-01
3.438523028735661624e-01
3.449045336696360264e-01
3.450291733816809869e-01
3.451899574964255590e-01
3.446665121683647470e-01
3.461124394929629977e-01
3.447604743976629416e-01
3.459662725794273586e-01
3.457592682669398121e-01
3.469685427259965316e-01
3.468345885502229220e-01
