1.087499180602204407e-01
1.069797236368817267e-01
1.115608142688341575e-01
1.104323627798049073e-01
1.055300677171819579e-01
1.043411717168409997e-01
1.059354505863334545e-01
1.057010568869787559e-01
1.044371530524488140e-01
1.051820205363714622e-01
1.036336845324665190e-01
1.008763038676237095e-01
1.019663657700662918e-01
9.830015058308111398e-02
1.068145913191093227e-01
9.877047952921169660e-02
1.047744602680873854e-01
1.048468007905565685e-01
1.037424537866521168e-01
1.048768226442833712e-01
1.035747749893638631e-01
1.059594372985923627e-01
1.010916130226116594e-01
1.004114337353245040e-01
1.025806468209829597e-01
9.931546608546651389e-02
1.001357192672588936e-01
9.779160111377686870e-02
9.794537777483292018e-02
9.825540683528674601e-02
9.966300217823971519e-02
1.011875972998400736e-01
1.004095182349782067e-01
9.878102784201174547e-02
9.943428560988572251e-02
1.003382391379508132e-01
9.406196128913379972e-02
9.379891721874908384e-02
9.684381805266992216e-02
9.734422489648046628e-02
9.264413957050557369e-02
9.638269911473544560e-02
9.371220082482928371e-02
9.043843206628073006e-02
9.645137054873759164e-02
9.495706923715856174e-02
9.340843825454492322e-02
9.405564352866195577e-02
9.544364239351504908e-02
9.467480716456122547e-02
9.594668565789020442e-02
9.227442014851627849e-02
9.210910709307894295e-02
9.652199755451494612e-02
9.373928201269314531e-02
9.477223197442392888e-02
9.323011928503482926e-02
9.464252686886634458e-02
9.169209899535243902e-02
9.138321239716000466e-02
9.282399399077603808e-02
9.310888755767499081e-02
9.172313011052797560e-02
9.415142058543603254e-02
9.184695291400540862e-02
9.440924649424999038e-02
9.209476009372244421e-02
9.307155708281306117e-02
9.096288426296626761e-02
8.743741661451150116e-02
9.040831226511493457e-02
8.754580446612868216e-02
9.227607324994187288e-02
9.130957587591191638e-02
9.237589488292402562e-02
9.140983045602184276e-02
9.093749617956797815e-02
9.066031655761519481e-02
8.916443807004534317e-02
9.274454736923792852e-02
8.644933719931960359e-02
9.064163988759926793e-02
8.531242317539160236e-02
8.648690531170249995e-02
8.530433296480839644e-02
8.516905050266759813e-02
8.363551191425783182e-02
8.849436474109449724e-02
8.886056220903311431e-02
8.624102093187321905e-02
8.303825940934927985e-02
8.552851659216983982e-02
8.489129749403097336e-02
8.496041255571525064e-02
8.512057348199639217e-02
8.311948684336496751e-02
8.483663371901123407e-02
8.020871384170023821e-02
8.265509024110609393e-02
8.816763704408835112e-02
8.324075465611500968e-02
8.212246006973188128e-02
8.263821737088362929e-02
8.354900655969094148e-02
8.399628235369734075e-02
8.272352468709938400e-02
8.355892350822068104e-02
8.166380974035307438e-02
8.201364283260628718e-02
8.156095054814742340e-02
8.064800120751038082e-02
8.350967793398220151e-02
8.234264284968209613e-02
7.987066046484211923e-02
8.113309590936282345e-02
8.049992926039092889e-02
8.019709837398536489e-02
8.254205448702946202e-02
7.967683836950596732e-02
8.142439092992392879e-02
8.031373202338311368e-02
8.185554709849245103e-02
7.820036921425092824e-02
7.908349974502283664e-02
7.865647941343638372e-02
8.057160314265406076e-02
8.346585224661091928e-02
8.063626015366270883e-02
8.279304690952241086e-02
7.717938776988068905e-02
7.660325207007452619e-02
7.920069766201551231e-02
7.892889337990047216e-02
7.484781540216867146e-02
8.046367901923126564e-02
7.648934561317491387e-02
7.692774313270030195e-02
7.965596776620391395e-02
7.681819717470278475e-02
7.623390241651188670e-02
7.794087549982846308e-02
7.679855998096912773e-02
7.704783780537327598e-02
7.479931925618130140e-02
7.654356671030441983e-02
7.403031598662297708e-02
7.483829928281564292e-02
7.639291484306735824e-02
7.474828888604417854e-02
7.975935150756228997e-02
7.709417460557749235e-02
7.198117379124928383e-02
7.436165586121486204e-02
7.514647733007256969e-02
7.500713423824172110e-02
7.765620697199314415e-02
7.669962618510189900e-02
7.577749780719610084e-02
7.578431937253397865e-02
7.537295175694835869e-02
7.297431301496695721e-02
7.403649232547916681e-02
7.468651888101905667e-02
7.498259121294899299e-02
7.436095572803221032e-02
7.389150679835182478e-02
7.524328472073636698e-02
7.298639808121676342e-02
7.578772830542403194e-02
7.636996342317713127e-02
7.174333590116216408e-02
7.486860260660674338e-02
7.255230815706027736e-02
7.409608876123273402e-02
7.068043483116533132e-02
7.415823417248519622e-02
7.496631867390739223e-02
7.350593031161969937e-02
7.525060991008621081e-02
7.310216742543369783e-02
7.247742451022436139e-02
7.507669949848254365e-02
7.141926601367760974e-02
7.172398779478113273e-02
7.451191337044951735e-02
7.200732820188851524e-02
7.415861615130384110e-02
6.881015094240031105e-02
7.194518467646816851e-02
7.213721585845753181e-02
6.988062451741565428e-02
6.789125686586754138e-02
7.034856880813536439e-02
7.308498993873689675e-02
7.054116380056461855e-02
6.973507418241804701e-02
7.289742268608470632e-02
7.213297607247569354e-02
6.962362557291060239e-02
7.053016079493421020e-02
7.330050390251831305e-02
7.030636315097012201e-02
6.689658654119161330e-02
7.148563762913710817e-02
7.204762257051898489e-02
7.075977897202083422e-02
7.116973860158706811e-02
6.953354979364045896e-02
7.102941762877888754e-02
6.942921376148868118e-02
7.245151403557631431e-02
6.712813605638326409e-02
7.337548617034510279e-02
7.370710642564518023e-02
7.190168699284445186e-02
7.058765843291914255e-02
7.081522705424693476e-02
6.921597181581691516e-02
7.119631383390205570e-02
6.844133628924213564e-02
7.086476583774757587e-02
6.952958925429686410e-02
7.152036562810148990e-02
6.964598780767601582e-02
7.014976732239087964e-02
6.953036758940778217e-02
6.925122530716909530e-02
7.150080055841852300e-02
6.982828903348818617e-02
7.109022992469059277e-02
6.940007037520416755e-02
7.105180847777238518e-02
7.335540220678854473e-02
6.777467836673140011e-02
7.034331904494918464e-02
6.887828703423616583e-02
7.064454104557367498e-02
6.951861203067301320e-02
6.789906036300551173e-02
7.180736531874366835e-02
7.015332513681482585e-02
6.978648996557013096e-02
7.142941044085808489e-02
7.257778702417931604e-02
7.181545872217116877e-02
6.964789849930994037e-02
7.151057751562871212e-02
7.274699752317678736e-02
6.747052039858100758e-02
7.076814609634378417e-02
7.261369573143176825e-02
6.887951714523600499e-02
6.962418312172403978e-02
6.931345690532911274e-02
7.266530736947234004e-02
7.053839015725089923e-02
7.078915405360057533e-02
7.226586231145898376e-02
7.022115380408183727e-02
6.937726105739117077e-02
6.818053190789474804e-02
7.101872804114221782e-02
6.846437703009274067e-02
7.010509168549441950e-02
6.956284447912607083e-02
6.994848835101095952e-02
7.212817996566051049e-02
6.957430146218022970e-02
7.200450534853783391e-02
7.423291140990173620e-02
7.222535417104039568e-02
6.939372774166305269e-02
7.099495063139651951e-02
7.207220677426497135e-02
7.498973333128304553e-02
7.208278795360192892e-02
7.337436080406346817e-02
7.154565358205895731e-02
7.274157360760832858e-02
7.326488922729346154e-02
7.019940868757296171e-02
7.381999395366120598e-02
7.610240447622688975e-02
7.243944875256613791e-02
7.283892011562975721e-02
7.458580062113293052e-02
7.359514239627776289e-02
7.708191479045249650e-02
7.352515622765717906e-02
7.540909305993782896e-02
7.405127626089198778e-02
7.233001828009387457e-02
7.669006832636285353e-02
7.262002968647886247e-02
7.293298683970589336e-02
7.245978536509575796e-02
7.516497135360283854e-02
7.330372339647391045e-02
7.241098567287898580e-02
7.329941724422821270e-02
7.447785707641732533e-02
7.371921679825695073e-02
7.434236022819619427e-02
7.489810285484860275e-02
7.607607065074434294e-02
7.658094520287768436e-02
7.753722062092296974e-02
7.839052623155519373e-02
7.630735868099625119e-02
7.567251454997535320e-02
7.028790110570247440e-02
7.692612222655562104e-02
7.659183180840714589e-02
7.497494833737686215e-02
7.512634635685226658e-02
7.694938408797415141e-02
7.737083078831674676e-02
7.689820176718721589e-02
7.592498949553154464e-02
7.864087775658161472e-02
7.680660583082057902e-02
7.756870446160009369e-02
7.568038037620210268e-02
8.033735657160888388e-02
7.859234436292009129e-02
7.589020662657225413e-02
7.791097635343063876e-02
8.029528439511603166e-02
7.946915646089933172e-02
7.915087372093812523e-02
8.014712828952616497e-02
7.863642820707821002e-02
7.957980206078464624e-02
8.155913439226888939e-02
7.993705527951873446e-02
8.303385821899919583e-02
8.010453658718562353e-02
8.127626395004418358e-02
8.217664023877863100e-02
7.998433386194474248e-02
8.332981273710067527e-02
7.812114308613787861e-02
7.962243112575344284e-02
8.244598010655980469e-02
8.092147992462009332e-02
8.308898836158636059e-02
8.148436204580504494e-02
8.068190663129946871e-02
8.235623552063073283e-02
8.200333564793978181e-02
8.399968819751260640e-02
8.421285756606861073e-02
7.931717564088784644e-02
8.533639904436643442e-02
8.176085522144453666e-02
8.445459049277248553e-02
8.371070456448673203e-02
8.076731425540766007e-02
8.222159633306803939e-02
8.118353225673767548e-02
8.342563850679127202e-02
8.532862794498052850e-02
8.508470985820190680e-02
8.582205887201849182e-02
8.367850692006724433e-02
8.037911555895520255e-02
8.610943612722489482e-02
8.998623886333841082e-02
8.336057200119480204e-02
8.657759614426850658e-02
8.370140386682495270e-02
8.856921884676294265e-02
8.431934482952785359e-02
8.646681684575335813e-02
8.795313413842262285e-02
8.834046738960865675e-02
8.770771289545210847e-02
8.749787549443743817e-02
8.938254185337880797e-02
8.661601245735367494e-02
9.159310837838932629e-02
8.672783239816565792e-02
9.060675636752971163e-02
8.855303501427927437e-02
8.818254729199496988e-02
8.751745378344008564e-02
9.486395611416517659e-02
9.034766946721176084e-02
8.913139269575427737e-02
8.860548268427392848e-02
9.335284338619921629e-02
9.187680841005484156e-02
9.082346823366456434e-02
9.215962530781006412e-02
9.656679984435743991e-02
8.836340142418513954e-02
9.611368698614358719e-02
9.051156685540259761e-02
9.242640065807179728e-02
9.318866255224697581e-02
9.235187936300168210e-02
9.327436633384959819e-02
8.885810745781826114e-02
9.608180763641116506e-02
9.412779310528276988e-02
9.330790336604317947e-02
9.840618755841998300e-02
9.641318443032230456e-02
9.630674749386047839e-02
9.616485954967242400e-02
9.791324026052757035e-02
9.331618966580837449e-02
9.521061225202992473e-02
9.665956246728417411e-02
9.666685401383466603e-02
9.580223380146740686e-02
9.585093934227396917e-02
9.568751701137612198e-02
9.781788629230507570e-02
9.758672295178821843e-02
1.001775782108603741e-01
9.743777408607488810e-02
1.007333805776662872e-01
9.909155324773989693e-02
9.457885711204863655e-02
9.703449784037784798e-02
9.971039482750458649e-02
9.906281386926350796e-02
1.013050143864234337e-01
1.011108413328602879e-01
9.646091541115273116e-02
9.902001333286278295e-02
1.032160179470316963e-01
1.006437137608289373e-01
1.024203056197142553e-01
1.017428618691471331e-01
1.002887459253864327e-01
1.028251994216081433e-01
1.004930339607502388e-01
1.014697884299868708e-01
1.055392018625528200e-01
1.050735809856444131e-01
1.001132421964754937e-01
1.049136271093747269e-01
1.047304217161809103e-01
1.053806945225220087e-01
1.062228888146540678e-01
1.046829245480351556e-01
1.055588617616876612e-01
1.108038190718164812e-01
1.082152569563055861e-01
1.073421897219407756e-01
1.033655079362971879e-01
1.058802866391553715e-01
1.058854841373603056e-01
1.052390514125843973e-01
1.067009500587213916e-01
1.066508451457738038e-01
1.085609636906253728e-01
1.092637589264426889e-01
1.110520624257543276e-01
1.060755016265321482e-01
1.084901199382076881e-01
1.037755145341383994e-01
1.162218700251738818e-01
1.101014076826718618e-01
1.103607623746908628e-01
1.145932218077286430e-01
1.085062215205413183e-01
1.092648818448405112e-01
1.112301394879725153e-01
1.104388413276658765e-01
1.115910561877742624e-01
1.115381682743741137e-01
1.092558921255850218e-01
1.134022987217183642e-01
1.107550825538145822e-01
1.159167563619426522e-01
1.143958907487367810e-01
1.146678729019591919e-01
1.126255092370439109e-01
1.102189015448968024e-01
1.105023363439977535e-01
1.147358334433311172e-01
1.138426079715574996e-01
1.164944438971798751e-01
1.167565512530193139e-01
1.169390203850952659e-01
1.179877825916595402e-01
1.171129451119451159e-01
1.197478276606715047e-01
1.146054457981067476e-01
1.193499458175438094e-01
1.148663530467641247e-01
1.174171521961983600e-01
1.122462241312145309e-01
1.160576670085841644e-01
1.209915928372624766e-01
1.196306302331330840e-01
1.181918934722665654e-01
1.178770326849461758e-01
1.203226474492134074e-01
1.198957932119919384e-01
1.236609641745746030e-01
1.146992549402454792e-01
1.205472343089276643e-01
1.170502168093659617e-01
1.213997703088373764e-01
1.174545991714062432e-01
1.220596794080242159e-01
1.191131569352886083e-01
1.217479943372111600e-01
1.218052920668149658e-01
1.242184214312353208e-01
1.213378242606966556e-01
1.193546297887354141e-01
1.203373198041824271e-01
1.268877769065303862e-01
1.207453158530596427e-01
1.263521526482996316e-01
1.243631218772475178e-01
1.255644555192454159e-01
1.265381449682810022e-01
1.293159385765251801e-01
1.260924041741924295e-01
1.287087057940454471e-01
1.241272888564537435e-01
1.253265659032916923e-01
1.211383368987032916e-01
1.328792246850723502e-01
1.285023601857467612e-01
1.317389685614651362e-01
1.272540417650734335e-01
1.285954992410732189e-01
1.330152790689793918e-01
1.292531259598388715e-01
1.280153832656030777e-01
1.299398161141685770e-01
1.239234743537706157e-01
1.263891500790017830e-01
1.310527114055744236e-01
1.270115198691756375e-01
1.317624426064966658e-01
1.344792658168207922e-01
1.315632592494843656e-01
1.356446207720527763e-01
1.340539811070897147e-01
1.293744186675376273e-01
1.340162242053510588e-01
1.292538997562873992e-01
1.337993121147862396e-01
1.344758788902460089e-01
1.366163680906558875e-01
1.336899022429748063e-01
1.342972098170441830e-01
1.362018222664923006e-01
1.327605694908111367e-01
1.360106071113932336e-01
1.398972468624104237e-01
1.340025216756949300e-01
1.357512934339077659e-01
1.319542328080887950e-01
1.352186164654334277e-01
1.331561395474852860e-01
1.406655203052732950e-01
1.363610553779046608e-01
1.379592509353716190e-01
1.386627294119862630e-01
1.330435483488380810e-01
1.399136427268464489e-01
1.383156982498165155e-01
1.405312136416529134e-01
1.400091644705504235e-01
1.367772716606981964e-01
1.410276058557319856e-01
1.461222289968650001e-01
1.377545362085410563e-01
1.358373064986984902e-01
1.414631795152132832e-01
1.403128195133221401e-01
1.368710692412998531e-01
1.421284421769830053e-01
1.419625546969346397e-01
1.391509372415040691e-01
1.353933946815909783e-01
1.478716143919861226e-01
1.421303543237089906e-01
1.493051268339885274e-01
1.475496572600064893e-01
1.432072637791801384e-01
1.503249310001191774e-01
1.476939041377827722e-01
1.532592497300790946e-01
1.475314180309054146e-01
1.380219520987736870e-01
1.507246945500825275e-01
1.513119346590517666e-01
1.455558273244071388e-01
1.467959686579334011e-01
1.454564075870005690e-01
1.441093939024126191e-01
1.474091413102741888e-01
1.495606338139356395e-01
1.480239155861933498e-01
1.519485688686838809e-01
1.463150196102208644e-01
1.491267009300468183e-01
1.456927249896867727e-01
1.478067114458887499e-01
1.541936198332543861e-01
1.535476350563142744e-01
1.532932171859787140e-01
1.510893372629089348e-01
1.508874514619427953e-01
1.587923600516606137e-01
1.548643139793492718e-01
1.510230257658633224e-01
1.522972063391276054e-01
1.511926934631337704e-01
1.538016643697797392e-01
1.547715326172720562e-01
1.516676690383376436e-01
1.538585934135554556e-01
1.586000347977386260e-01
1.606103099845532511e-01
1.533189513539202908e-01
1.563257259075490069e-01
1.601463722347034602e-01
1.614981050934537199e-01
1.645714757558725816e-01
1.595247501303403703e-01
1.570446033250381679e-01
1.566352282764621739e-01
1.597186809772916660e-01
1.633671536131188207e-01
1.592067631030780750e-01
1.556840051143068282e-01
1.645779818543221529e-01
1.561265410152893052e-01
1.599549063813017480e-01
1.566288731720170413e-01
1.635572882533239403e-01
1.614841322349107877e-01
1.694658205955442143e-01
1.624172915148698049e-01
1.664996727885118266e-01
1.648104219872391918e-01
1.622442140371803398e-01
1.677914583638873691e-01
1.708018537482531019e-01
1.587288985960977894e-01
1.660984825170203905e-01
1.695018675510305273e-01
1.670306239137663296e-01
1.704879701932230651e-01
1.699422520030255956e-01
1.653824184291769195e-01
1.667820879959291125e-01
1.694643165719811884e-01
1.694870261588841409e-01
1.702272984660661848e-01
1.647604252134499403e-01
1.703457871983906358e-01
1.664567247194506661e-01
1.649241121745207983e-01
1.747569199104354043e-01
1.752983384073874551e-01
1.705473412828459323e-01
1.698288090926657057e-01
1.714364605999161295e-01
1.693423309193731741e-01
1.652429561825570492e-01
1.673578392350643096e-01
1.719794677224733281e-01
1.754170804374947934e-01
1.742571966496322677e-01
1.641575260202766673e-01
1.752713495905521557e-01
1.658622969932731506e-01
1.720807731994073164e-01
1.776686239084715180e-01
1.795329248599314420e-01
1.767351689208828402e-01
1.838308268138648394e-01
1.752506814716884298e-01
1.785736722833956014e-01
1.756931104607646899e-01
1.733401096411440745e-01
1.766357952308851564e-01
1.750645313465067909e-01
1.740723199155353729e-01
1.857292340969744771e-01
1.811957085814570878e-01
1.768041194620042222e-01
1.773371310380356947e-01
1.709338989570284573e-01
1.789768608306497033e-01
1.831595176133140046e-01
1.843257227710775048e-01
1.779586356533427449e-01
1.803918118143612026e-01
1.843473440127706975e-01
1.809558141171052903e-01
1.724478232749658835e-01
1.827340538056689001e-01
1.892011467305452777e-01
1.724135739954457125e-01
1.848990679857848152e-01
1.797698940295544834e-01
1.882202585018523389e-01
1.896800073994285574e-01
1.866858098742447680e-01
1.839801794106024624e-01
1.870526773287357891e-01
1.872724801338783440e-01
1.856298787225902913e-01
1.885616631809490518e-01
1.855038324731396737e-01
1.822667382817576009e-01
1.861188039919922654e-01
1.863577466623558276e-01
1.873106821997150562e-01
1.862103096959686066e-01
1.928073397218693641e-01
1.816567576562012898e-01
1.847038349780931732e-01
1.905349489876499713e-01
1.850400853530542455e-01
1.930982923080590274e-01
1.966290163649830058e-01
1.938766899028405433e-01
1.904718123729019774e-01
2.014193093599437323e-01
2.014453444804736593e-01
1.927618343836283443e-01
1.889588273519593464e-01
1.913919617980490151e-01
1.930210848928115008e-01
1.934117110544376905e-01
1.891384263011013922e-01
1.873406086934381598e-01
1.902579940263537384e-01
1.972420015941538651e-01
1.981668173167841773e-01
1.952933743459659699e-01
1.998374800663283157e-01
1.911803025045190618e-01
2.013322114379652861e-01
2.023051565056960543e-01
1.971312389877611093e-01
1.943275422946145747e-01
2.038104524480022217e-01
1.974976737956852524e-01
1.929104574654764981e-01
1.984672706082741822e-01
2.019161864754423774e-01
1.989882836920641440e-01
1.990247813377453712e-01
1.999400754684477199e-01
1.965749244594097722e-01
2.088806602159525849e-01
2.055945545446304090e-01
1.970732345945464259e-01
2.111552886343927293e-01
2.037469918383374989e-01
2.018179336219280973e-01
2.074361007256718126e-01
2.107686602184746516e-01
2.023250685835892571e-01
2.092948262149562089e-01
2.053501782266974607e-01
2.059518997433557319e-01
2.033182625880664285e-01
2.137117455030014823e-01
2.074602892128473985e-01
2.046811996213372120e-01
2.052524433281168736e-01
2.080078716766072255e-01
2.165029889447846467e-01
2.114533145127172054e-01
2.072575566969284133e-01
2.133545420798511616e-01
2.099080512183664482e-01
2.080011242265404070e-01
2.197821903892294149e-01
2.065401799585768194e-01
2.093560897077783867e-01
2.194159745777360393e-01
2.090266899554004409e-01
2.126792411322759035e-01
2.132777403060431287e-01
2.115000484028277672e-01
2.121465952966584134e-01
2.183604512072242765e-01
2.010147164546224885e-01
2.159700889511489419e-01
2.052418037761984393e-01
2.119133790950852025e-01
2.128353429116560391e-01
2.069409806067218083e-01
2.139979823309255957e-01
2.157940797773730823e-01
2.169693506855849829e-01
2.136987012162125110e-01
2.122221528851276906e-01
2.028808054567766972e-01
2.129130895891367115e-01
2.169914738393987075e-01
2.116941452648599953e-01
2.208019809421605806e-01
2.208782693671683950e-01
2.203388663741782105e-01
2.181411356295159532e-01
2.233317131873238659e-01
2.178201406644149907e-01
2.264497831689076535e-01
2.280572292610472118e-01
2.167083867681401932e-01
2.168942246697959930e-01
2.152374827241426147e-01
2.235466865549088633e-01
2.141056245522278967e-01
2.237952249410767314e-01
2.225446675196827429e-01
2.288109137852489816e-01
2.251063183446521399e-01
2.274256636785786378e-01
2.253183999654254921e-01
2.289478551012508467e-01
2.235084380113353253e-01
2.331871903744741903e-01
2.201183811112466804e-01
2.200006142570513634e-01
2.129920193642831361e-01
2.266458724342085007e-01
2.229682412560339555e-01
2.254059486963591041e-01
2.224800906297656478e-01
2.218147656618923991e-01
2.217300343946648211e-01
2.338227462760266717e-01
2.297263787460326612e-01
2.318486242990633328e-01
2.235209573360798230e-01
2.310753972033252890e-01
2.338221737992243754e-01
2.253894499510124549e-01
2.311999563520309997e-01
2.352318441301494423e-01
2.379783577750762824e-01
2.333486565831375814e-01
2.399106643446327902e-01
2.389662199389665787e-01
2.323874626505793295e-01
2.281506362261473964e-01
2.322013358758486246e-01
2.389822214082857332e-01
2.399517962784873948e-01
2.359337913833159384e-01
2.398901307368231095e-01
2.319117557294849419e-01
2.349361534117332673e-01
2.346290014370504828e-01
2.391148076073716100e-01
2.366348660981869023e-01
2.418065309449161926e-01
2.420686319762492267e-01
2.405955409260397138e-01
2.287695860356961375e-01
2.326081637408618230e-01
2.303597987935656344e-01
2.444288362948657811e-01
2.320129903171628816e-01
2.361371363415733504e-01
2.408368227064506262e-01
2.322635739411330891e-01
2.347049780198327551e-01
2.439941536554464385e-01
2.337016918243679242e-01
2.457675528764711459e-01
2.409324983420047805e-01
2.369064842566068474e-01
2.403495365153834884e-01
2.341800734478841073e-01
2.529928733053136147e-01
2.406983120796943043e-01
2.431689594749517902e-01
2.472255307945196434e-01
2.421818724494988195e-01
2.558306962442424282e-01
2.435316082593255993e-01
2.360879106909946346e-01
2.564334087307934551e-01
2.469796452059767056e-01
2.514034302273022159e-01
2.477645080868245142e-01
2.553105570548391268e-01
2.467943338101133699e-01
2.498879746659893042e-01
2.479937596210637085e-01
2.485995966057758799e-01
2.443571539721994534e-01
2.484399436228442171e-01
2.426518779798043923e-01
2.445330880330265633e-01
2.507675934035353826e-01
2.450124311426721269e-01
2.432278660961602612e-01
2.482471595482237114e-01
2.537786047692722757e-01
2.534958168967730296e-01
2.520686475942202076e-01
2.540909011714440058e-01
2.451014773807456693e-01
2.552325192170086798e-01
2.475634549787168737e-01
2.549630074672096236e-01
2.508551892976138564e-01
2.533249827315444680e-01
2.541846082424901732e-01
2.529862232679367939e-01
2.452021930406717565e-01
2.547509326025191867e-01
2.559722825864859663e-01
2.541133438790417753e-01
2.557708959918733593e-01
2.564303800890804785e-01
2.614692380796360682e-01
2.513057756986390445e-01
2.523815003601479479e-01
2.460947953663210896e-01
2.430587125351646449e-01
2.635302878552608918e-01
2.643476310375261762e-01
2.573691431426278764e-01
2.624451960893095515e-01
2.618326000670483378e-01
2.548841406725278480e-01
2.665331830185074802e-01
2.639555184698262891e-01
2.558819983416024124e-01
2.712427396722183470e-01
2.588069909450141370e-01
2.646869494886527896e-01
2.687348488156203752e-01
2.574863427963294260e-01
2.607965868080729388e-01
2.636893691716388211e-01
2.611817878233382295e-01
2.721104554819966381e-01
2.523230700416982941e-01
2.677936796740095216e-01
2.628674880925006008e-01
2.792025346347035142e-01
2.740004620259320900e-01
2.693108170817054559e-01
2.731436911512286070e-01
2.605452015742621974e-01
2.717875259851222913e-01
2.699523147095401199e-01
2.595484279930892479e-01
2.724417824747374928e-01
2.793123754407366710e-01
2.649187273709631141e-01
2.762408536508443313e-01
2.581012783987603476e-01
2.770283966187856439e-01
2.829519711572546781e-01
2.731322643564199071e-01
2.690773807409922447e-01
2.693036881372203317e-01
2.728397403971953294e-01
2.620484553519650817e-01
2.785545167841495529e-01
2.710768783005423899e-01
2.859700514381218750e-01
2.634143509151324336e-01
2.842875854426042403e-01
2.800741130428082704e-01
2.825403651338851962e-01
2.749423611690337554e-01
2.734831287672721545e-01
2.777327162431800778e-01
2.821700299569468995e-01
2.706119431847966994e-01
2.808699763291160334e-01
2.748812940361507473e-01
2.738055101085840604e-01
2.757752630064956301e-01
2.722724816306269502e-01
2.878953101628494715e-01
2.827608324613675173e-01
2.739584023512036115e-01
2.777029453776828083e-01
2.805138152494154324e-01
2.712591327709698574e-01
2.832087727778514474e-01
2.825286863205858090e-01
2.842419577389312946e-01
2.840270856741998751e-01
2.725890305880883102e-01
2.708746286838555339e-01
2.798942879985754639e-01
2.941271551261966932e-01
2.769847393539608960e-01
2.800593224090814348e-01
2.768427180066982407e-01
2.884426900883938494e-01
2.891873857455584673e-01
2.886070998065519144e-01
2.996817673670311710e-01
2.937434225190037607e-01
2.949742723270997735e-01
2.822706665750459587e-01
2.978133134432429663e-01
2.915328473658684860e-01
2.934814600153828890e-01
2.912225738293622856e-01
3.009958712536754954e-01
2.942684462755997266e-01
3.014614791510066838e-01
2.915183153094732527e-01
2.946736703011709757e-01
2.987407815855307458e-01
2.846225911650536178e-01
2.868526579626916595e-01
2.897545806336432328e-01
2.939357245326320589e-01
2.854574081291418874e-01
2.923777151426388832e-01
2.849486935301697166e-01
2.963655711679513138e-01
2.901181073965460322e-01
2.844731814969876371e-01
2.811857240391458790e-01
2.972257789401854811e-01
2.884401396726203881e-01
2.875871229385305594e-01
3.025754431869043248e-01
2.857712142287489043e-01
3.054832258175617654e-01
2.985499441775335550e-01
2.883974278362828603e-01
3.077777672919950747e-01
2.953479960513339941e-01
3.047820273632446120e-01
3.082984915037244034e-01
2.978189108205193114e-01
2.976247539280438281e-01
3.017833798710082283e-01
2.942722625594622610e-01
3.031426454904398438e-01
3.148636352960448859e-01
3.050234954926869246e-01
2.954258543585620567e-01
2.929148072786167400e-01
3.131420779687429934e-01
3.086787768049168434e-01
2.897353656306249636e-01
2.978423058746662022e-01
3.147929879798782027e-01
2.968441580800492141e-01
3.033178214473700729e-01
2.984524985626603732e-01
3.049820061234564950e-01
3.088433557680074215e-01
3.012453712890136859e-01
2.972239377850391384e-01
3.133163428907935755e-01
2.966484122293647219e-01
3.005181351773573706e-01
3.071792079009715293e-01
2.943271499186937423e-01
2.974232000150821564e-01
3.065590133376860371e-01
3.001542355061254663e-01
3.119673415058210608e-01
3.084606788138301581e-01
3.133358594660466401e-01
3.018979119519271115e-01
3.037267382201995214e-01
3.036914630009260319e-01
3.193242503136977106e-01
3.091438730840645466e-01
3.095449409932154450e-01
3.018876751012987136e-01
3.048388796008031365e-01
3.165502944527016083e-01
3.045176058463581192e-01
3.091113175935251700e-01
3.101633705291406140e-01
3.082966215150463318e-01
3.261237627579038345e-01
3.274261406112063399e-01
3.141565808714346653e-01
3.221086501759207188e-01
3.161300312471367890e-01
3.134056773372715932e-01
3.286928253922398735e-01
3.162424143078864103e-01
3.141271038755957812e-01
3.233102985485265535e-01
3.232108272432401286e-01
3.205586157031998229e-01
3.133756050184889896e-01
3.243947572011178226e-01
3.154984415307132695e-01
3.196017422014806875e-01
3.144155640626171144e-01
3.218571869475893577e-01
3.175333387100300886e-01
3.278476507006558016e-01
3.244768968793266817e-01
3.273837091549808287e-01
3.188449133767648491e-01
3.109829394838787286e-01
3.188982527020992053e-01
3.225664957666984356e-01
3.307097904643093167e-01
3.216293031710905082e-01
3.172213280437522487e-01
3.321593176796441282e-01
3.381247610400771042e-01
3.190102972762479672e-01
3.222550611881855320e-01
3.392431166418051203e-01
3.280321725435358382e-01
3.251070356136962491e-01
3.168418479282681943e-01
3.206683146677560825e-01
3.277094716692923182e-01
3.232583646787743903e-01
3.331853126640503260e-01
3.444465181284952493e-01
3.239188151345653854e-01
3.293290539167701980e-01
3.397115123558039906e-01
3.348842658626816626e-01
3.205549771202707010e-01
3.184382867374635495e-01
3.392346746726009332e-01
3.350936144698484775e-01
3.217132916902328832e-01
3.170731663523511656e-01
3.339935445875287234e-01
3.445049863108458621e-01
3.268718924287884464e-01
3.359177002825439740e-01
3.270701168645544499e-01
3.276200880653163949e-01
3.278189092057420817e-01
3.303886128939750866e-01
3.309301945824914548e-01
3.308065764298250278e-01
3.267228493806934031e-01
3.375517624017509988e-01
3.263164763836448601e-01
3.389005735425603683e-01
3.307728246202387146e-01
3.493774406734860838e-01
3.541466422011464998e-01
3.392055861375186665e-01
3.339010365129712610e-01
3.527220107672731086e-01
3.407432649955798309e-01
3.335180100175975659e-01
3.468771137648120617e-01
3.458696271926924859e-01
3.359233954138577394e-01
3.474608737777067913e-01
3.457254584039328726e-01
3.337242249375897418e-01
3.368343170640192286e-01
3.443899075217426997e-01
3.446684984128983165e-01
3.398408330664131061e-01
3.383955549162831478e-01
3.464672622760309184e-01
3.422434263277805977e-01
3.458051639957629431e-01
3.470270323117993216e-01
3.612567086687753504e-01
3.470090629248640535e-01
3.459429726874686528e-01
3.387518143996435249e-01
3.351384549963046799e-01
3.456940431274142522e-01
