1.421084633038362521e-01
1.410081676136893947e-01
1.411823967428532944e-01
1.409937594231783220e-01
1.410048146143125236e-01
1.405262581775900410e-01
1.400801857104561898e-01
1.393278669934896186e-01
1.396213833353572575e-01
1.394389334978138051e-01
1.385391687392373006e-01
1.384329093808375211e-01
1.388060146238442316e-01
1.386944272080925522e-01
1.375148507072552206e-01
1.378909815053643295e-01
1.371191052374290398e-01
1.362547155881991268e-01
1.359849200074070008e-01
1.365655412921437384e-01
1.355927238041493565e-01
1.361639305435191072e-01
1.352846601254766024e-01
1.356883945374087186e-01
1.348504648890130886e-01
1.342076550373191290e-01
1.341188211878825698e-01
1.335066667533414408e-01
1.333890633346340449e-01
1.328754836293941366e-01
1.328787312456201075e-01
1.324803847489618713e-01
1.318549700247947098e-01
1.321178672189603498e-01
1.311336498238791226e-01
1.310602330152685346e-01
1.307830129131284935e-01
1.310664098125906285e-01
1.300128617032648148e-01
1.300216641888437830e-01
1.296906055380049605e-01
1.291590482753252889e-01
1.289346344929875043e-01
1.289621834354480467e-01
1.285075587021113908e-01
1.286568960346169133e-01
1.278814310136080212e-01
1.273506341979536993e-01
1.275063524648953339e-01
1.273492061619186100e-01
1.269265264858884523e-01
1.262246613392819239e-01
1.256816579445019511e-01
1.258491682242663390e-01
1.258257052188263836e-01
1.253884491634529863e-01
1.250739640715321233e-01
1.245060877530883570e-01
1.248782089314942889e-01
1.240729354051185174e-01
1.237445455580167414e-01
1.234981747346470954e-01
1.230119119922296056e-01
1.234567409487979245e-01
1.229277504685296479e-01
1.227458291453762118e-01
1.218876982802229586e-01
1.216492952128935406e-01
1.214879298583621536e-01
1.214355537931759016e-01
1.213676967728217621e-01
1.209180486437858859e-01
1.205508206609312016e-01
1.202076362002734572e-01
1.197311639325151500e-01
1.198484592627288292e-01
1.187951137611820002e-01
1.195795752511423643e-01
1.190983860029979635e-01
1.183094338782592209e-01
1.187046096726567107e-01
1.186179705506597154e-01
1.176105033571025887e-01
1.176260168849715543e-01
1.172188396042005282e-01
1.166484834591551834e-01
1.168130855170705501e-01
1.160983992974498752e-01
1.161268590149093088e-01
1.158408986674211022e-01
1.156558878075873292e-01
1.148616369830093992e-01
1.146705080979635444e-01
1.145989093704177092e-01
1.142051006587407186e-01
1.144202703027316498e-01
1.139236024847609940e-01
1.132146520124886618e-01
1.134570561826019064e-01
1.126780798641836695e-01
1.123920441938242587e-01
1.124262510796057574e-01
1.122215813263384709e-01
1.117162168638129727e-01
1.124347686597855084e-01
1.113463519646643307e-01
1.115808595367605571e-01
1.108617893717723096e-01
1.103911199460282377e-01
1.103950648956579239e-01
1.096000197480494903e-01
1.095136439415246993e-01
1.094603438828401915e-01
1.091632474533155428e-01
1.086719611047548412e-01
1.082775782794673514e-01
1.080814832481046123e-01
1.079485751377881331e-01
1.080403509835593939e-01
1.071044891961128037e-01
1.072252546595824502e-01
1.069140243592053563e-01
1.069883536600688689e-01
1.063751058630350022e-01
1.060690587521184031e-01
1.058720579093284653e-01
1.053391745401427021e-01
1.052796565966777481e-01
1.053970324545767667e-01
1.051558238795470696e-01
1.046654779458222329e-01
1.042958239606671805e-01
1.038051892681667587e-01
1.036257410155330128e-01
1.036059244088367026e-01
1.035623607075304570e-01
1.027139853552746229e-01
1.032553601216298356e-01
1.022654137022150495e-01
1.019405216194061853e-01
1.016435734397959922e-01
1.015328282219075950e-01
1.008915256766293456e-01
1.012771458779657685e-01
1.006476652053277382e-01
1.007091069699088681e-01
1.004715556055367914e-01
9.963814793160279126e-02
9.964523383077442120e-02
9.950195301679697069e-02
9.946839095184301094e-02
9.919997319842296934e-02
9.923568153466363895e-02
9.853131464344655477e-02
9.809362425893672355e-02
9.804471337461860558e-02
9.759999787966514018e-02
9.772303723485530058e-02
9.747247085125146371e-02
9.706856513528451524e-02
9.641965869036081549e-02
9.661384045639295759e-02
9.616525448541730914e-02
9.624605196565715060e-02
9.596511961393000556e-02
9.559038867306370035e-02
9.501111721880788064e-02
9.522868811024265412e-02
9.502940931487051379e-02
9.464737195369288258e-02
9.437370894083708939e-02
9.411981655407621050e-02
9.403316412589197981e-02
9.352421300662260017e-02
9.337814027578070220e-02
9.367094307866685732e-02
9.323945479257773894e-02
9.296550205186401850e-02
9.272344186549487388e-02
9.300019195910594338e-02
9.196291680321425077e-02
9.188972589321092732e-02
9.180603159981813588e-02
9.154746692865109448e-02
9.138851956317201042e-02
9.093497575580014591e-02
9.085085770354794921e-02
9.082124718750131387e-02
9.052671591111534355e-02
9.011466394331522911e-02
8.948062313961098468e-02
8.954586199093286791e-02
8.929904373035028875e-02
8.946615498215843010e-02
8.876797740009999271e-02
8.912207166785592050e-02
8.838007948657085333e-02
8.817663732800133658e-02
8.837119888430745862e-02
8.795305902584517332e-02
8.797899520933838424e-02
8.768825914660731413e-02
8.750335464780184536e-02
8.702403036087909272e-02
8.682301790264090879e-02
8.699114925191067660e-02
8.653891191188892162e-02
8.615505429773120949e-02
8.615625293544987295e-02
8.568971568360897462e-02
8.574439610046505345e-02
8.567962523792727048e-02
8.543368388708059979e-02
8.500613684184214758e-02
8.499752405640331743e-02
8.456778127263989142e-02
8.440723637483968367e-02
8.404028561050569390e-02
8.412165250027202335e-02
8.392163609951269754e-02
8.375715758578433645e-02
8.371189369977624639e-02
8.343154801572678914e-02
8.328551855110571944e-02
8.297575095908626963e-02
8.272373669124677420e-02
8.259482225830794277e-02
8.222475223425089463e-02
8.235819389756850184e-02
8.240218619973831149e-02
8.157225918040772461e-02
8.155947171940852725e-02
8.146304700795237164e-02
8.153425411172916804e-02
8.137529901664061760e-02
8.079809361814777047e-02
8.086026467164343645e-02
8.036661371757397587e-02
8.062842559495686512e-02
8.038226342257162593e-02
8.042562178381021387e-02
8.011587240350219463e-02
7.969568723705221236e-02
7.952417880686034335e-02
7.956193644907803841e-02
7.930998252008311655e-02
7.916682541006817009e-02
7.883449331378730718e-02
7.893949724284428371e-02
7.813116823272667211e-02
7.864806517728370472e-02
7.820871276090148039e-02
7.799104610747094324e-02
7.814393915766117138e-02
7.776251528583053019e-02
7.771681641316027789e-02
7.776374994153724407e-02
7.723638158995008163e-02
7.719051694193804214e-02
7.725926383963940824e-02
7.703476058848744701e-02
7.646356248761879137e-02
7.678422408006786715e-02
7.675278297454220244e-02
7.663528204011628431e-02
7.613653464507835755e-02
7.615748734976914014e-02
7.570940452600677384e-02
7.572180496556377149e-02
7.592082836545843705e-02
7.567415629443889624e-02
7.564980933263125429e-02
7.559449961530051443e-02
7.532021858941356784e-02
7.508919383921670854e-02
7.482493007149605690e-02
7.506802803423151538e-02
7.482660312285913107e-02
7.479896242573508269e-02
7.433224264506783918e-02
7.454827990900826651e-02
7.396892419647736749e-02
7.425891150909180727e-02
7.443316921508411066e-02
7.385254373781716120e-02
7.376564506368742113e-02
7.379769239068725839e-02
7.364377188796002172e-02
7.373625006416258121e-02
7.370902722169614396e-02
7.329200071791976134e-02
7.306559671057513694e-02
7.310238107936188612e-02
7.316332615085549551e-02
7.307435939985010287e-02
7.284590397257045824e-02
7.283533921920724852e-02
7.255826737942805416e-02
7.268763635379309196e-02
7.237083150990188118e-02
7.256240393694550483e-02
7.254251653470546179e-02
7.232907152541910578e-02
7.242673672668552276e-02
7.219922810053830409e-02
7.227091046227623883e-02
7.245737272508841198e-02
7.185379365523837658e-02
7.217946506450313715e-02
7.127367504644080420e-02
7.161850434041919233e-02
7.185286701894488814e-02
7.154377508395992624e-02
7.158582540955246709e-02
7.140609047953343225e-02
7.187600523791087825e-02
7.131384622956367381e-02
7.116326094173966443e-02
7.101986237757425269e-02
7.097993877394020990e-02
7.112730890625096336e-02
7.124600811005298018e-02
7.104877934043739296e-02
7.102803301846337403e-02
7.132875698151520949e-02
7.103976585985928571e-02
7.063714499986553652e-02
7.097582265338849006e-02
7.081208652118019253e-02
7.095555747938378510e-02
7.105878893240166749e-02
7.083076275727147320e-02
7.063921285381177806e-02
7.086617596207195335e-02
7.042531521179534737e-02
7.027720347131007073e-02
7.073917492053753697e-02
7.068806794975575347e-02
7.061423803046092129e-02
7.053551053924446423e-02
7.075638159543015671e-02
7.038744839775096240e-02
7.029714320710460373e-02
7.073282342126434308e-02
7.034041978274067908e-02
7.034590527330933374e-02
7.051281563485292669e-02
7.057140951585394451e-02
7.075699170028509899e-02
7.075516830629552389e-02
7.050404092702797221e-02
7.065801079318617672e-02
7.041845903768050030e-02
7.040490162362865456e-02
7.045129348310555373e-02
7.049846843991844358e-02
7.061237656791961859e-02
7.053846194210595943e-02
7.082718829110340453e-02
7.036516569825541911e-02
7.073495576813335073e-02
7.082945028890631767e-02
7.104077289119407890e-02
7.101033163343282995e-02
7.085295408831761288e-02
7.099549700736226820e-02
7.121974383518829554e-02
7.117486573958706209e-02
7.090712516497796325e-02
7.077709153140951392e-02
7.118877669681314413e-02
7.118956608036544620e-02
7.089292349720027753e-02
7.116565424432372278e-02
7.122242571290823832e-02
7.120215252902017955e-02
7.145319430610566624e-02
7.118720191744822012e-02
7.090483660112545383e-02
7.113328575778547769e-02
7.159943408963498346e-02
7.181699386847111011e-02
7.156879071814353788e-02
7.169230789959708805e-02
7.176110102452955275e-02
7.163230542806725554e-02
7.201316906065234613e-02
7.211075736921404578e-02
7.161840607090741440e-02
7.202132636972861934e-02
7.212421088178135042e-02
7.197631564700728013e-02
7.233038087569354513e-02
7.238129100657428316e-02
7.262648055449553997e-02
7.248767497876976162e-02
7.275960458323944835e-02
7.278005022437153415e-02
7.283075759446960840e-02
7.290919995384029240e-02
7.313306042574503618e-02
7.298335772451129688e-02
7.315509214940968397e-02
7.346703293133145796e-02
7.316861301332332201e-02
7.361853629388882825e-02
7.330427895748058142e-02
7.349562903315531859e-02
7.367131650148588118e-02
7.379942444049009120e-02
7.377662100249630928e-02
7.391990527278949341e-02
7.428341228202835211e-02
7.390973949052422054e-02
7.424816214872238807e-02
7.448056476254835689e-02
7.458871649844668605e-02
7.477458690706687006e-02
7.470307864580311152e-02
7.496246472190587484e-02
7.493246110845017127e-02
7.542421212355003568e-02
7.535697225415205480e-02
7.559334815895255022e-02
7.571559781044154280e-02
7.580341183863453791e-02
7.620007015893127955e-02
7.601125348734295850e-02
7.596707869635861698e-02
7.600282969969165969e-02
7.657426644943322869e-02
7.653580978635729504e-02
7.676266087091573875e-02
7.668216449901217591e-02
7.703738998982552488e-02
7.719705953179241409e-02
7.695204070308718503e-02
7.750938561074864619e-02
7.765896949205547406e-02
7.766001299376146250e-02
7.807663284126495351e-02
7.837130493350639993e-02
7.784111446892322261e-02
7.844192660648698079e-02
7.817690796367060546e-02
7.843201806462887782e-02
7.877546345260746929e-02
7.909289315091694306e-02
7.912565841004597089e-02
7.906351759985413841e-02
7.953851800771211122e-02
7.954616548295607992e-02
8.021867052110394358e-02
8.011955383973831668e-02
8.013372712547563170e-02
8.024511428368880095e-02
8.042844586853786781e-02
8.049501995913835306e-02
8.087935427580712766e-02
8.120540197955374018e-02
8.125572029275000829e-02
8.121682909579014398e-02
8.138011391256098903e-02
8.152998057001903387e-02
8.199810345392627431e-02
8.199524030385375861e-02
8.189772457310548481e-02
8.250789694406060470e-02
8.238146779189545188e-02
8.271505875032887645e-02
8.306193246490366222e-02
8.342918886889616470e-02
8.349148818391573246e-02
8.346440333657975663e-02
8.356389637065797515e-02
8.368196172986272496e-02
8.400412814830349184e-02
8.386179163283311033e-02
8.447735196661523838e-02
8.451162409721711677e-02
8.454524697949250545e-02
8.513492210857244447e-02
8.527255135357471316e-02
8.537740985608399669e-02
8.589855046474095812e-02
8.580998722015760471e-02
8.588277730835523760e-02
8.609701219264420669e-02
8.637491585664423821e-02
8.640459183091024620e-02
8.695354285345263667e-02
8.708578345631044770e-02
8.718865769011296951e-02
8.748031756336263620e-02
8.753416932182420118e-02
8.834998740237208492e-02
8.822386361011956557e-02
8.846832268270382604e-02
8.851978404364159447e-02
8.891106309213456238e-02
8.898082583324297412e-02
8.956406669490915573e-02
8.965893071950550852e-02
8.955447974655143806e-02
8.978896695414599616e-02
9.012293144336755435e-02
9.028164500041861718e-02
9.065498405009149441e-02
9.055528211722357890e-02
9.109404599821206705e-02
9.130742291522292442e-02
9.126874446362562288e-02
9.194485866794893658e-02
9.184915498245392607e-02
9.238828469811004307e-02
9.229421691117191406e-02
9.250513559380796336e-02
9.257713619267284033e-02
9.328094703229090900e-02
9.319030505688448429e-02
9.330410070608631534e-02
9.378344950712512451e-02
9.371644526879255310e-02
9.441146619926335526e-02
9.457895195134756461e-02
9.495530548698405404e-02
9.501599455365965230e-02
9.509181312955598819e-02
9.511809018325349807e-02
9.565538813975288379e-02
9.597038229796886477e-02
9.630973418599880764e-02
9.679601197247483801e-02
9.654870747774908779e-02
9.666063444062335253e-02
9.723390128311981684e-02
9.720038095885567830e-02
9.748497560722887978e-02
9.783733690896381785e-02
9.815827880000314865e-02
9.823882759551996746e-02
9.872523971812723065e-02
9.885400127406659965e-02
9.928160835065419354e-02
9.904893940773876193e-02
9.942458500239785557e-02
1.000808305863207515e-01
1.002472115189109725e-01
1.000513786954496248e-01
1.003675003768816076e-01
1.004021727911191958e-01
1.012367104578350968e-01
1.011628963590706781e-01
1.015812778978404940e-01
1.017467190477468197e-01
1.021055008233375944e-01
1.027257980569192403e-01
1.024071680017868691e-01
1.029902683016024889e-01
1.028184379378401514e-01
1.033501873698751544e-01
1.034533327147607595e-01
1.039252872622782181e-01
1.044472326944804741e-01
1.044695795531043747e-01
1.049132890247190392e-01
1.047052089013896375e-01
1.051452365554865626e-01
1.057626837012041743e-01
1.057651570536827096e-01
1.060736265001456374e-01
1.064741262307300901e-01
1.067098358915212070e-01
1.071335894044450204e-01
1.072365002905384807e-01
1.071935516009066280e-01
1.078390693331619937e-01
1.081625610870390608e-01
1.082483201294022895e-01
1.085841640427634008e-01
1.089101999999992632e-01
1.089413812868532810e-01
1.092455540321018714e-01
1.093266984990612367e-01
1.097424587301428084e-01
1.097432947360962169e-01
1.104287229980830121e-01
1.110604326203926684e-01
1.109362297389307472e-01
1.108302864161851697e-01
1.111010198677315486e-01
1.120830933668238438e-01
1.120054591769164276e-01
1.125088492799483225e-01
1.123970959534801584e-01
1.125468055081478846e-01
1.132553489815857073e-01
1.134456059142557455e-01
1.139106886582060135e-01
1.139747628636185728e-01
1.140838776183247527e-01
1.137696041929980306e-01
1.145554883068778396e-01
1.153763627258635599e-01
1.154191892094794947e-01
1.154563827758664923e-01
1.155432320369047805e-01
1.161755912535486490e-01
1.166795114216782753e-01
1.169053589450255032e-01
1.164245563705296194e-01
1.173469687933063610e-01
1.168657341963886542e-01
1.180365086281848219e-01
1.181924598277842992e-01
1.186559836947062713e-01
1.185309298685679469e-01
1.186014352765366181e-01
1.193087535476157202e-01
1.196794896272495162e-01
1.201347741450392165e-01
1.200920046781129708e-01
1.200527403965891970e-01
1.205128060162099085e-01
1.210289330731567775e-01
1.215881214126011689e-01
1.216484498464621145e-01
1.221063708664534564e-01
1.222097716918907340e-01
1.225003636175248378e-01
1.226692648958601639e-01
1.233024209187121023e-01
1.237603723435763137e-01
1.238490715477387066e-01
1.243263348066745572e-01
1.244943961154958978e-01
1.246430189092889856e-01
1.255804837701010868e-01
1.248576778789524527e-01
1.249617983266471805e-01
1.250289292261504148e-01
1.259190521214589298e-01
1.263860815053560460e-01
1.266585742508447299e-01
1.270991800503252500e-01
1.273656971854990327e-01
1.272825761858376870e-01
1.274874525468772390e-01
1.285933933909888249e-01
1.288981534311168242e-01
1.282791769670231508e-01
1.293610172742894471e-01
1.293383426127135138e-01
1.294439387969497646e-01
1.301582573820203592e-01
1.304161770225221173e-01
1.305976532891965358e-01
1.303299417465548227e-01
1.303728984412817760e-01
1.310155370760983373e-01
1.315093836873044431e-01
1.317553811861218171e-01
1.318643459579436350e-01
1.323521711909614595e-01
1.327636627060851671e-01
1.335625475831322129e-01
1.330411042197199856e-01
1.333537907064781258e-01
1.339096317176172446e-01
1.344249106882866585e-01
1.345834496580105011e-01
1.354152499647018892e-01
1.351214450869623052e-01
1.352099059431089156e-01
1.360670308225543079e-01
1.360969023975224790e-01
1.366471886004090031e-01
1.361557145167972549e-01
1.372267876326072333e-01
1.377230406159582476e-01
1.378884197939822531e-01
1.381994335713295496e-01
1.380133907533460380e-01
1.385201796350192249e-01
1.384008015122301094e-01
1.397185329838482315e-01
1.396820377791325452e-01
1.394675746895870094e-01
1.405185154503951761e-01
1.405332761299975253e-01
1.403492192506010372e-01
1.408517828374268588e-01
1.409146603349902549e-01
1.419379203860380023e-01
1.412501302269665304e-01
1.420090447222274732e-01
1.421522126928221053e-01
1.426206960745072527e-01
1.432341878108195909e-01
1.433856973973157978e-01
1.437859472827742735e-01
1.441101377791087768e-01
1.445022960939752188e-01
1.450347444700753052e-01
1.448725525803827852e-01
1.456269243109597211e-01
1.451796774713245142e-01
1.459071976193324349e-01
1.459880361838724605e-01
1.463021537511438874e-01
1.468302630251851204e-01
1.471924770198275167e-01
1.474426133488644375e-01
1.484225586030530619e-01
1.478787872894252731e-01
1.484473531226630227e-01
1.489681053457220516e-01
1.487335743550751987e-01
1.492865225886456093e-01
1.494696378598788233e-01
1.508192445804435733e-01
1.502307281486368051e-01
1.510130361543688127e-01
1.505196550716532133e-01
1.512189098408366905e-01
1.515860876886649389e-01
1.515164553428259564e-01
1.526912954625135599e-01
1.523467473517383652e-01
1.528706170741690740e-01
1.530670156660253745e-01
1.532947525039833614e-01
1.536047645123689021e-01
1.535436859998876580e-01
1.543768116468076934e-01
1.541398071339581677e-01
1.550197319612292013e-01
1.553160051904528272e-01
1.558162670304751585e-01
1.560748100333710919e-01
1.561785537509744748e-01
1.563334224214735224e-01
1.570848016287851312e-01
1.571809890892368056e-01
1.575243715888418328e-01
1.582611871898472466e-01
1.586148201717670903e-01
1.582377502185651486e-01
1.582311730717068654e-01
1.589006428858286968e-01
1.595661921298250630e-01
1.598185370870270627e-01
1.604208546102041388e-01
1.605059673517752195e-01
1.605474376628963640e-01
1.611691585260648651e-01
1.614698760380057774e-01
1.614023341225721553e-01
1.621256942021119807e-01
1.617389213157828520e-01
1.628135578638807701e-01
1.631541486559410781e-01
1.629873891128559571e-01
1.637197144923998593e-01
1.639175810021017421e-01
1.639213999835431035e-01
1.636425694695992361e-01
1.647811795458138384e-01
1.652390563796814760e-01
1.653024875840100327e-01
1.660124886192499705e-01
1.658967861792099985e-01
1.669184965149666244e-01
1.663641431977941343e-01
1.669274082014804983e-01
1.677642677691221218e-01
1.677805523117209541e-01
1.687488496427740070e-01
1.680608572742098850e-01
1.691073901474155206e-01
1.695878870237534919e-01
1.695033770514585425e-01
1.697270522013465954e-01
1.699527932688021103e-01
1.704289561427122235e-01
1.704841363293367607e-01
1.710880090312105750e-01
1.708255756360452793e-01
1.719702416834401337e-01
1.726035819729145881e-01
1.722343981326880935e-01
1.727138432721067318e-01
1.735419582270527894e-01
1.731118666352579605e-01
1.731782044702502577e-01
1.734402597587475781e-01
1.729945170099242979e-01
1.745972267787813115e-01
1.752710420506729816e-01
1.751565146410608287e-01
1.757040566922152547e-01
1.758363899396296615e-01
1.764495566465373588e-01
1.768241832196926766e-01
1.767921597331476302e-01
1.775915479906717831e-01
1.774532913598144412e-01
1.775065931810439479e-01
1.783087012981533492e-01
1.780097967160103045e-01
1.791406846442194778e-01
1.791187062322170398e-01
1.793627118142040455e-01
1.791845199388955867e-01
1.806879815663255950e-01
1.802071469457421082e-01
1.801893890582489666e-01
1.808856587218876932e-01
1.815804666752126317e-01
1.815230770029468421e-01
1.822120945496931987e-01
1.820969853706359276e-01
1.824629455313445114e-01
1.833378367064199821e-01
1.827855868854056098e-01
1.842036219653946927e-01
1.835874487953171319e-01
1.847959725866547553e-01
1.847092548636879994e-01
1.857999421360755632e-01
1.840897518745793493e-01
1.857432781244287012e-01
1.867725540031850984e-01
1.868225099284759605e-01
1.866677764822004815e-01
1.868226609361011148e-01
1.870860248487179467e-01
1.876028553747397243e-01
1.880592506773839101e-01
1.880226056388799027e-01
1.891436314772138583e-01
1.890032409641778932e-01
1.890143775514858404e-01
1.907120512135590806e-01
1.898268323405735980e-01
1.905933032557102225e-01
1.904410801206547210e-01
1.908646805374230593e-01
1.910527422439886880e-01
1.919843304417292729e-01
1.919339559860650801e-01
1.916129608304065202e-01
1.928117984912551264e-01
1.930904662129316329e-01
1.935222068478440471e-01
1.938356286613995283e-01
1.942198387273110505e-01
1.950770710116622453e-01
1.950293312622064512e-01
1.949188097633782757e-01
1.951515701282236226e-01
1.956889208412689041e-01
1.962341045209300971e-01
1.964770737361945241e-01
1.958403245631685219e-01
1.958906269605221184e-01
1.979914756775907336e-01
1.973226321831073882e-01
1.985610184561045488e-01
1.983993813217384550e-01
1.982064804124003821e-01
1.982324895248532559e-01
1.989753177192531142e-01
2.003565196055679398e-01
1.998121702151531287e-01
1.999503672228096218e-01
2.001488479604986437e-01
2.005266627134585089e-01
2.017595376466222723e-01
2.011971466076454274e-01
2.016093987386067821e-01
2.017769332386162018e-01
2.020136511783793831e-01
2.031781906674682836e-01
2.031387598900407931e-01
2.038487481737634721e-01
2.035826605254724975e-01
2.032082687996395742e-01
2.046762862099749669e-01
2.048937141697804443e-01
2.051246231966503131e-01
2.053384511269589208e-01
2.060379075589572617e-01
2.063612772794276018e-01
2.059350429776344860e-01
2.062794713350246112e-01
2.076651172915081334e-01
2.075395565820378763e-01
2.077152846583955326e-01
2.087826508405614123e-01
2.081236415879553492e-01
2.087293581918925611e-01
2.090271714277052162e-01
2.088757169991773410e-01
2.094608894865082338e-01
2.104947220871418168e-01
2.114957838717744787e-01
2.116493004008918599e-01
2.104358541827568985e-01
2.119341619032766577e-01
2.117419377412473880e-01
2.125867846063473066e-01
2.123911475437530172e-01
2.130396948779108290e-01
2.129673757402593681e-01
2.131407175986220481e-01
2.137335407192027248e-01
2.149928456479306138e-01
2.145138314333366047e-01
2.153510438462543919e-01
2.157023569105475658e-01
2.160000815107975258e-01
2.158104594585960601e-01
2.166387307411632712e-01
2.162886085581701978e-01
2.164694563830594221e-01
2.175902909095732696e-01
2.176059174932601370e-01
2.173331543100439911e-01
2.185328800542184757e-01
2.185146366539631180e-01
2.183606498580939748e-01
2.190583673476985682e-01
2.200551936284261267e-01
2.205102215007272437e-01
2.205481537634075562e-01
2.202238484346435154e-01
2.200746360236663923e-01
2.212010068313124689e-01
2.216693879022464397e-01
2.222533242350974714e-01
2.221125780344344325e-01
2.217807329337249944e-01
2.228074231911734704e-01
2.239374955753023477e-01
2.242854288313906319e-01
2.243389496458275678e-01
2.240550531167713466e-01
2.238926800311887289e-01
2.245908834869835835e-01
2.247246434681627048e-01
2.253256256155851123e-01
2.269946118693834114e-01
2.257555570375097964e-01
2.258892529462088183e-01
2.263676906195486449e-01
2.267009371881698598e-01
2.279148548860950307e-01
2.276073945331747728e-01
2.283098957873193335e-01
2.289933585469818011e-01
2.288405457592965209e-01
2.290505075895495346e-01
2.290323433720596047e-01
2.301186781241799095e-01
2.305584217937183267e-01
2.317130005498797829e-01
2.310229989048195043e-01
2.314962492501961844e-01
2.321408931358079353e-01
2.317580060702026656e-01
2.320307056904618304e-01
2.339810063387414707e-01
2.323019264158377173e-01
2.334001266081784931e-01
2.329840686580710585e-01
2.337927652254075117e-01
2.347000716813942012e-01
2.347732779121002589e-01
2.360153236221666506e-01
2.349114744538385313e-01
2.357849163948737004e-01
2.361332978728945819e-01
2.363701727572579125e-01
2.367366337452302405e-01
2.369160094251781812e-01
2.359381080103287731e-01
2.383920518993763171e-01
2.377141552762843668e-01
2.387736674226826894e-01
2.385347792898098451e-01
2.392105745631826208e-01
2.388134940685817109e-01
2.400958498301836719e-01
2.394576448092785026e-01
2.405549538079722049e-01
2.417707775688221483e-01
2.421141539929654030e-01
2.407774414508680738e-01
2.397911451870375077e-01
2.411864704562907968e-01
2.425368344932611331e-01
2.434074475382003167e-01
2.437123685524550942e-01
2.433737083675779067e-01
2.428228654544857534e-01
2.447212781498317724e-01
2.446117279782380749e-01
2.454374411555151625e-01
2.462553454427091060e-01
2.461498645910907279e-01
2.457001487784560845e-01
2.466467484294381229e-01
2.468996542501485647e-01
2.469945054679757446e-01
2.468513819466122694e-01
2.479628976212874258e-01
2.482880052180793939e-01
2.480435292731493768e-01
2.485471118796600265e-01
2.494622738606475099e-01
2.504015089801494010e-01
2.489602441825071732e-01
2.493305543527610801e-01
2.504288930591773155e-01
2.507965304911433657e-01
2.511092474966652999e-01
2.512207446317171744e-01
2.511262177115382022e-01
2.519882717949081252e-01
2.520793540888035533e-01
2.519692070077007573e-01
2.531836932032441312e-01
2.534564522400246100e-01
2.527726429762333082e-01
2.550265968074969525e-01
2.542201949773219005e-01
2.554752260387693208e-01
2.542014159789506844e-01
2.560455792838991496e-01
2.556825198061965509e-01
2.555610827605035995e-01
2.556622257927354536e-01
2.563199487727625403e-01
2.570372525822872678e-01
2.557294762967042834e-01
2.588574903575164843e-01
2.589095505641370032e-01
2.594434023180495763e-01
2.597292180334187517e-01
2.597253118523684123e-01
2.605774101097518280e-01
2.592150156406274331e-01
2.599287075187466933e-01
2.606570126825296652e-01
2.615147581071389227e-01
2.619754805555328803e-01
2.617758096848958882e-01
2.627349296258983946e-01
2.621656468513482996e-01
2.642556767088360403e-01
2.627516637342069972e-01
2.637691909955081071e-01
2.638020929043096707e-01
2.643511620029720399e-01
2.647928097974568407e-01
2.647268639169259030e-01
2.657500975927656328e-01
2.661687088240907162e-01
2.659064961315054099e-01
2.669085706290317273e-01
2.657641583710505517e-01
2.675645591200894735e-01
2.678196896828134999e-01
2.668591282739480874e-01
2.670573078020382907e-01
2.679310702670992805e-01
2.683014827171146810e-01
2.695287071170923698e-01
2.686473424770043916e-01
2.682952368684575206e-01
2.705864035753537955e-01
2.701286360098676398e-01
2.703490310789237738e-01
2.715990538178852387e-01
2.709920138409235291e-01
2.709882288704585362e-01
2.714980848570599514e-01
2.715100106139022307e-01
2.725625420556138101e-01
2.728107690000554086e-01
2.731810975786808648e-01
2.739943825662232713e-01
2.739300823624619130e-01
2.740077484553904985e-01
2.753107500942577057e-01
2.745935007423834784e-01
2.753184039610858114e-01
2.761572502302998000e-01
2.753297320938353776e-01
2.766520840708475704e-01
2.772774790292240610e-01
2.762798677230767219e-01
2.769189706754389690e-01
2.786731075443890093e-01
2.775428296806224937e-01
2.782755869649306546e-01
2.785814227171779511e-01
2.788725067916704714e-01
2.798135208673479535e-01
2.795349289412173976e-01
2.798036827403433957e-01
2.815331693402639557e-01
2.812053243995666363e-01
2.823224338484302542e-01
2.828687665259369544e-01
2.821208524749073687e-01
2.816228178290695605e-01
2.818651083325718343e-01
2.828268663461679377e-01
2.831490919528608097e-01
2.833978842716662894e-01
2.828097726093355968e-01
2.841943415292349506e-01
2.837791800567887046e-01
2.846719756003171509e-01
2.849445820232255899e-01
2.856082620725986509e-01
2.863744559929704558e-01
2.867463524993318913e-01
2.860811575007473073e-01
2.864842947879647217e-01
2.865372630198890214e-01
2.883868664363171130e-01
2.861972275434696567e-01
2.879349438533729266e-01
2.885149723167134694e-01
2.889835367815405398e-01
2.895475165604332601e-01
2.898987299804290374e-01
2.907272219262796997e-01
2.900854009604259542e-01
2.911011267723352391e-01
2.907381379260490784e-01
2.904737213307569399e-01
2.900398319939295200e-01
2.913465386051209971e-01
2.928686889767914692e-01
2.946773947028016871e-01
2.932615672576701638e-01
2.945867829524652648e-01
2.943806333593907421e-01
2.939035624347235420e-01
2.937077009808130579e-01
2.948953710623089530e-01
2.943514619784310393e-01
2.951416702874390396e-01
2.961957326589608752e-01
2.965617113946282801e-01
2.973949645632331107e-01
2.962639572108616837e-01
2.968773594401295512e-01
2.974542666957902259e-01
2.975374478279222412e-01
2.994591509581169819e-01
2.982403561187661478e-01
2.985163277682517657e-01
2.997515188963944532e-01
2.991398470487321437e-01
2.988100457839212853e-01
3.002437746981495570e-01
3.000442165049558851e-01
3.009213055995755837e-01
3.023537061827713535e-01
3.032211912489340966e-01
3.018565789828134283e-01
3.027314307664270010e-01
3.036390796022497285e-01
3.034713308332171455e-01
3.030197898511615140e-01
3.037571097198010772e-01
3.048755515492584389e-01
3.042609103231962986e-01
3.050767449757112448e-01
3.055042098324529110e-01
3.062751918169330234e-01
3.050534207489967731e-01
