1.483373992898588956e-01
1.367698648222176738e-01
1.450214704756696560e-01
1.432414422554541822e-01
1.409919626028658668e-01
1.363468895827552041e-01
1.377172392896939546e-01
1.391051397092776254e-01
1.389298317103454805e-01
1.392704195118296684e-01
1.366801610781874232e-01
1.351543761667125532e-01
1.332474997857538146e-01
1.330816257065240427e-01
1.420455417552263788e-01
1.328616516013046700e-01
1.382208833835157913e-01
1.400242355173993702e-01
1.396340374692742470e-01
1.383455359449737021e-01
1.391892891583876024e-01
1.421036273907334002e-01
1.379670198284679294e-01
1.355551522432193456e-01
1.358657564775623272e-01
1.326973081462322623e-01
1.312412616575404645e-01
1.302177677210395179e-01
1.277421832834965965e-01
1.301167683161699729e-01
1.315913652873519912e-01
1.348512689089482741e-01
1.328118106467271464e-01
1.323943754940978546e-01
1.321539846129998752e-01
1.331634589581318084e-01
1.257170186568984105e-01
1.231802469038311698e-01
1.305037096048905221e-01
1.268393850914324994e-01
1.257264571644556850e-01
1.285523683303260722e-01
1.270203490666252377e-01
1.218052364999381854e-01
1.280604897838652223e-01
1.247837722777719871e-01
1.260805301485858898e-01
1.261760247944384850e-01
1.274813567214689858e-01
1.262878352372720780e-01
1.285474764157398531e-01
1.215921894978489737e-01
1.220911553161096313e-01
1.294010785620182402e-01
1.251954524299562221e-01
1.250968118338609547e-01
1.256963191631336463e-01
1.244724011326269753e-01
1.245567093343689646e-01
1.224730040980764323e-01
1.242867715222091690e-01
1.245110948636573706e-01
1.229483336184282877e-01
1.275212871751767174e-01
1.227909083214754060e-01
1.255436635232627107e-01
1.229560317557113480e-01
1.237586510876761137e-01
1.206203873442921737e-01
1.151496564315301341e-01
1.212430443969364363e-01
1.151226940793468878e-01
1.219796112642436980e-01
1.191769919999729338e-01
1.234159749248569110e-01
1.250618594124529304e-01
1.215377486357876874e-01
1.200312047739558463e-01
1.208737942964535766e-01
1.228178127610221049e-01
1.176496239933035731e-01
1.218481668603628026e-01
1.148220568830965321e-01
1.166871196902328628e-01
1.150652600893506405e-01
1.144823160606857210e-01
1.137610500611775516e-01
1.201724685550591837e-01
1.180259127182639867e-01
1.167112087823191369e-01
1.105059989878938859e-01
1.150395677588307158e-01
1.130627588292240221e-01
1.119549851115715366e-01
1.140096096360122269e-01
1.122878631468258448e-01
1.152786977402123075e-01
1.078355967396711496e-01
1.099865996454100492e-01
1.161273320381039503e-01
1.121034936888824357e-01
1.103990569428643098e-01
1.109599529165001680e-01
1.131336211075359283e-01
1.106389760302776137e-01
1.105165919333101349e-01
1.115713246574436823e-01
1.101060524520128814e-01
1.089719974224018090e-01
1.099111121189820239e-01
1.080991470623876155e-01
1.121544344533396270e-01
1.089306144471846594e-01
1.075841230783758234e-01
1.082843179456143695e-01
1.080856894420377246e-01
1.068180735031025175e-01
1.099971104594638510e-01
1.069010288953869126e-01
1.094502279170418563e-01
1.079690806389058955e-01
1.095851296524677498e-01
1.036994570150147066e-01
1.054182024181512384e-01
1.052656595187518862e-01
1.058761307674736807e-01
1.100426209438260666e-01
1.036618244956668405e-01
1.094700242553529879e-01
1.015443986030064583e-01
1.021944224060150064e-01
1.038169957942301908e-01
1.040663746368775955e-01
9.892904877643927952e-02
1.053421087140761075e-01
9.967786125534544572e-02
1.024573321012433730e-01
1.044965145385570171e-01
1.015467967610105271e-01
1.004550706784401448e-01
1.027759828129952147e-01
1.009307720262629243e-01
1.011931960068504915e-01
9.826791168157975043e-02
1.001408311574425863e-01
9.750039773605587157e-02
9.776091723598552552e-02
9.909378705563368084e-02
9.765752662943223694e-02
1.039572301863457698e-01
1.007001985566631092e-01
9.632295188626735505e-02
9.716318804658589936e-02
9.758138288553656892e-02
9.708707043878227194e-02
1.010223460580687987e-01
9.936998643681647925e-02
9.880732615266629715e-02
9.831324201528222895e-02
9.854486606235847435e-02
9.495644342677657390e-02
9.425329623523356903e-02
9.680717989884241037e-02
9.647115948996218271e-02
9.535222879025777309e-02
9.643347788507845852e-02
9.805049715299159196e-02
9.368669082495323375e-02
9.701979575059503647e-02
9.818639272017723463e-02
9.199367614060839637e-02
9.555556756740828106e-02
9.343928524975840533e-02
9.477262481735279631e-02
8.995429800181520275e-02
9.454912515998842304e-02
9.480761757022761194e-02
9.324159277329832629e-02
9.659460968993814622e-02
9.250917129842461950e-02
9.112527133111086863e-02
9.547858249236439165e-02
9.020431976839070332e-02
9.072485528909730867e-02
9.385047355778455835e-02
9.093796055371186626e-02
9.434177304709315259e-02
8.561138075083296606e-02
9.056543471365317843e-02
8.963054000839160151e-02
8.683295239689864387e-02
8.528158085482825945e-02
8.848310722337297818e-02
9.098430426493185619e-02
8.757074950205577524e-02
8.643010858281478803e-02
9.043853561164821864e-02
8.778129146208178690e-02
8.540772069834701163e-02
8.678684643469675164e-02
9.017360628996250183e-02
8.630410326588638936e-02
8.138669043979679385e-02
8.766013549679092798e-02
8.765636315193925387e-02
8.577562688210911557e-02
8.650217328183731902e-02
8.419295005394816789e-02
8.597123820285892948e-02
8.468669198476361237e-02
8.778406534815928752e-02
8.092226246946308821e-02
8.838487813201592602e-02
8.893932568060068655e-02
8.730126467075721708e-02
8.380674309855523640e-02
8.501526280899603105e-02
8.286889558731257155e-02
8.504966851975859221e-02
8.130285461078629039e-02
8.412308913839995628e-02
8.227984347253755604e-02
8.442554162310693389e-02
8.216815643780464584e-02
8.239893147016802422e-02
8.118851643575147881e-02
8.102929503960980273e-02
8.361145481037142446e-02
8.121578168354209870e-02
8.272078551410066982e-02
8.093661744485064480e-02
8.192128299199975816e-02
8.481442876232270223e-02
7.836189287102687806e-02
8.061831488063667117e-02
7.856181621495994527e-02
8.092167043609890809e-02
7.976484419973543794e-02
7.726766035465019999e-02
8.157968329306229671e-02
7.958629991070133303e-02
7.904414834027846670e-02
8.077545401039420980e-02
8.171516822662684698e-02
8.042316280043966537e-02
7.828684161414195541e-02
7.991882189339953591e-02
8.117717920427032496e-02
7.503524066433804596e-02
7.870206995510178882e-02
8.053769452926971828e-02
7.612647148778861617e-02
7.650521194550788384e-02
7.637327586273807978e-02
7.935320538877525809e-02
7.696388505614794318e-02
7.708425313829470049e-02
7.850532606753921061e-02
7.621327306664893442e-02
7.503932535243247604e-02
7.359331474312269528e-02
7.651391563155462983e-02
7.347109972625148755e-02
7.484503101638040334e-02
7.410485383543484461e-02
7.440691878311993246e-02
7.654948482877026172e-02
7.368271829783412663e-02
7.607153252825601952e-02
7.813650268070752858e-02
7.584537913537513221e-02
7.259024232040647839e-02
7.412946537377755607e-02
7.510196190071466438e-02
7.795732803604868422e-02
7.475041958718189883e-02
7.574726097341880071e-02
7.370486793651796764e-02
7.479579411916469078e-02
7.514883500466390531e-02
7.172313376171154942e-02
7.522354237867598381e-02
7.736278666090780354e-02
7.344736123618228474e-02
7.363250441994412254e-02
7.522056147797134829e-02
7.398727682118302895e-02
7.729838458536643364e-02
7.352515622765717906e-02
7.519564518758048433e-02
7.364251696687101889e-02
7.173825325682677001e-02
7.586660187026528224e-02
7.162106439654246370e-02
7.173400297536276782e-02
7.105936328479135755e-02
7.351648155545206786e-02
7.145341660786105886e-02
7.050657598184285890e-02
7.114880084409314076e-02
7.206152071071093845e-02
7.113327315915571325e-02
7.150618523771373747e-02
7.191517244734854652e-02
7.284052438745332314e-02
7.324717272305242277e-02
7.380192941158919551e-02
7.455944897037515562e-02
7.220676412290791268e-02
7.138394126949580698e-02
6.620942485095918095e-02
7.224031872383701591e-02
7.175742300133503004e-02
7.008869078632601335e-02
6.998839571009028704e-02
7.152849926618026766e-02
7.190397462013758956e-02
7.126012897725959860e-02
7.007039002814591244e-02
7.233541835520206076e-02
7.067303076146842777e-02
7.087558551568189091e-02
6.919438101133131014e-02
7.314100088750111195e-02
7.147565183562074043e-02
6.864839994202734386e-02
7.053921055018246011e-02
7.240566449337922095e-02
7.139156986496603130e-02
7.072054432837043825e-02
7.159567908545449999e-02
7.012799256553535476e-02
7.095877917546541958e-02
7.271031425843152429e-02
7.074212765878754028e-02
7.348234158872651856e-02
7.053970439476826837e-02
7.158211642772377425e-02
7.228733718694961563e-02
7.008346520755179276e-02
7.275578148869552009e-02
6.816212245820375826e-02
6.930621574698883625e-02
7.161300671833414899e-02
7.008732307005466344e-02
7.171768432225858469e-02
7.024904366591984417e-02
6.975168524279140581e-02
7.079041577301520283e-02
7.033205950997911682e-02
7.157581773196589059e-02
7.130778711249424751e-02
6.717617271202880325e-02
7.290792856333982996e-02
6.905770004621361591e-02
7.149724405847510122e-02
7.062795560024258401e-02
6.765320385190572161e-02
6.939812700163421055e-02
6.760691618155975635e-02
6.979594698679796039e-02
7.131740744983849911e-02
7.134923545658401756e-02
7.155981156519455877e-02
6.968155529505191959e-02
6.664783689083765561e-02
7.120532847344501759e-02
7.397256364153756425e-02
6.863873361877066703e-02
7.157910508883744138e-02
6.887716829026271914e-02
7.249134265940325450e-02
6.868951029593277358e-02
7.074598086994997315e-02
7.159705404428991227e-02
7.170610068979983709e-02
7.077423327082474347e-02
7.053431237083129801e-02
7.137647167654304070e-02
7.022907301237565902e-02
7.395305074038496795e-02
6.973284555986877797e-02
7.254588973807822583e-02
7.059547226003368148e-02
7.121269776173287658e-02
7.039101708648368150e-02
7.532131824622496918e-02
7.173480806944616817e-02
7.032775692873005635e-02
7.042460454351501253e-02
7.388783080744955323e-02
7.176467053285637276e-02
7.330885412151508240e-02
7.302801646858039786e-02
7.611287480178684228e-02
7.022966690865224682e-02
7.647241218058593859e-02
7.168869375144984457e-02
7.244591325833706075e-02
7.331680355344298572e-02
7.251634188042642426e-02
7.323156648855530526e-02
6.817114992286045505e-02
7.396550990400381498e-02
7.313289900521305342e-02
7.268256308961175416e-02
7.659362887327730851e-02
7.516446974814959547e-02
7.493730263366769895e-02
7.490397131685876120e-02
7.604956589591110871e-02
7.254191671675339070e-02
7.318367747394952105e-02
7.456193087790941032e-02
7.509974304493345632e-02
7.439588364177644741e-02
7.380832209381855968e-02
7.366652892782044049e-02
7.482261642619195130e-02
7.535983185229030989e-02
7.594232606422532394e-02
7.549612610696507242e-02
7.758760158418122332e-02
7.541131039507706357e-02
7.216731405232044982e-02
7.386981031700100286e-02
7.548694140496907401e-02
7.522230097411927718e-02
7.785830825289595525e-02
7.760108622100028719e-02
7.373148863864768809e-02
7.556071412600159909e-02
7.848816483409355726e-02
7.590349169810013674e-02
7.815265451568534361e-02
7.652152760152454436e-02
7.561643220212133087e-02
7.946828379274137322e-02
7.652726745785541629e-02
7.650667259026391887e-02
7.864183587692519239e-02
7.973371370413670500e-02
7.585501860629766113e-02
7.847925769124444728e-02
7.891957033702394486e-02
7.976668270435872954e-02
7.935248966855201758e-02
7.915783875546286708e-02
7.931095899983889308e-02
8.246766068670448313e-02
8.134982745723109976e-02
8.139227374939761450e-02
7.770406287082297359e-02
8.022726120709926245e-02
8.026951152524201827e-02
7.888875421021833423e-02
8.001434788227856920e-02
7.891598365809729398e-02
8.128056469529108818e-02
8.229663943551998595e-02
8.327857763279440662e-02
7.960862314359350156e-02
8.180069975439910324e-02
7.939149280536242359e-02
8.723122639387179134e-02
8.248250673407771238e-02
8.163246246825210661e-02
8.395062744190040505e-02
8.240241877312616536e-02
8.175966036515422419e-02
8.271538752192217347e-02
8.249142534356586343e-02
8.327665080774315776e-02
8.334140318359102573e-02
8.284805455169196031e-02
8.393412372587862047e-02
8.156562375032151702e-02
8.721628955329480126e-02
8.472780090935373709e-02
8.480265290890015573e-02
8.443992027816998869e-02
8.292197746781514167e-02
8.384941276842956814e-02
8.486685013509417952e-02
8.423695053068533389e-02
8.561363400191579487e-02
8.594055921405897858e-02
8.813996513178024017e-02
8.763292288905720484e-02
8.815610945134019771e-02
8.808292021520340576e-02
8.615487425426422707e-02
8.975829595794056204e-02
8.650597735570650371e-02
8.760012572603380343e-02
8.328793016012206452e-02
8.702501101921085447e-02
9.065461664509227857e-02
9.076216313199440833e-02
8.921043890228869122e-02
8.865389284367418410e-02
8.878464595123354564e-02
8.850597554569210323e-02
8.995930290251392958e-02
8.680294411580948000e-02
9.033076753054802843e-02
8.768429848242607905e-02
9.086844541626264149e-02
8.837512868330994753e-02
9.094905310565210010e-02
8.919683487513513365e-02
8.904496984261404957e-02
9.188991501404178419e-02
9.308905593869999662e-02
9.173954388044691655e-02
8.961940782089337920e-02
8.875760301029041177e-02
9.649467805654285413e-02
9.132123750252187089e-02
9.381942077227119203e-02
9.374866048798198570e-02
9.505737364339797435e-02
9.546525979643050164e-02
9.642578560006125066e-02
9.435501611022319157e-02
9.870480240390371030e-02
9.292474442437440030e-02
9.545708200465562177e-02
9.346025024200070586e-02
9.958494193783523629e-02
9.477249411238214405e-02
9.781136576892864032e-02
9.576898659995011776e-02
9.475999610713742305e-02
9.868145591154252327e-02
9.519533877070582295e-02
9.721936071534788282e-02
9.690365780031467979e-02
9.364717078270388961e-02
9.342181313804881482e-02
9.819717724276796900e-02
9.558675439425617926e-02
1.007767766149883920e-01
1.003543177269027170e-01
9.868709688764475130e-02
1.030983534661613771e-01
1.008598602734455674e-01
9.789098556708661358e-02
1.014221372521158654e-01
9.467048515678964937e-02
1.020674007293598251e-01
9.934413590934854099e-02
1.026097391226183375e-01
9.893285877035866427e-02
1.017392142966959401e-01
1.019678745658343794e-01
1.002110043202885103e-01
1.040356434430717986e-01
1.067816826347448844e-01
1.016904728184995499e-01
1.006595199842672816e-01
1.015720012140905737e-01
1.029741712380947138e-01
1.005216447593163115e-01
1.050800318535062006e-01
1.023060896759337840e-01
1.030101169886026985e-01
1.049332845538081121e-01
9.981901477104679343e-02
1.055362639732252000e-01
1.088920538652647096e-01
1.076941302030552244e-01
1.059453325127866219e-01
1.038766756964317195e-01
1.101915142073782161e-01
1.080612180538726014e-01
1.055184616765325878e-01
1.050754081922087163e-01
1.100968207730449872e-01
1.051707201848080392e-01
1.048340476615397532e-01
1.085069210874442941e-01
1.105925149118144324e-01
1.086776645971940652e-01
1.024979904295284655e-01
1.140946942249815993e-01
1.096469713188806261e-01
1.139053391363915591e-01
1.106872343136083431e-01
1.089868903808441231e-01
1.133915099452204311e-01
1.131484252551717140e-01
1.186145044543544524e-01
1.109173164004836620e-01
1.061627937677276090e-01
1.125834899684332036e-01
1.165050104282009946e-01
1.130429381186493359e-01
1.114411743826026480e-01
1.102618413098713085e-01
1.111958884328129588e-01
1.135083792775040817e-01
1.148364055649693100e-01
1.134658907581460180e-01
1.167225660512201807e-01
1.128802799110582428e-01
1.139999224150217427e-01
1.107306630742549008e-01
1.119348970390704884e-01
1.183079169720615970e-01
1.162964685270471560e-01
1.178533033974824840e-01
1.164243745681825676e-01
1.171267357709179641e-01
1.218114069341218048e-01
1.179870869569640129e-01
1.136549354404185058e-01
1.179293862112999053e-01
1.150531425762809506e-01
1.184864319657416148e-01
1.201966878961517743e-01
1.205648329485380921e-01
1.223473181616212546e-01
1.221563428884349517e-01
1.203273260942022416e-01
1.168510143508577070e-01
1.216391318552839801e-01
1.224960952174412726e-01
1.259239865729516183e-01
1.260386346213710484e-01
1.256349560058302450e-01
1.210912031986511733e-01
1.211518055870729749e-01
1.229990919949134343e-01
1.216511517856560670e-01
1.243809923339091184e-01
1.211695855715334974e-01
1.258157829468578015e-01
1.211889854245678938e-01
1.214045056609587003e-01
1.230176699700598481e-01
1.263573084982594907e-01
1.251625670703425119e-01
1.298810451183420867e-01
1.258332201375079729e-01
1.302911065148064373e-01
1.299458276261576395e-01
1.286649926504724872e-01
1.279674626663833137e-01
1.350649289798595554e-01
1.237928183782850550e-01
1.314464903122291861e-01
1.309263645667504417e-01
1.340618876528984482e-01
1.275309350253653884e-01
1.334454982003690504e-01
1.282002006218937173e-01
1.307104856777313862e-01
1.344138973790471869e-01
1.321515993875545247e-01
1.327698752612510580e-01
1.315610648139786398e-01
1.341967152592808410e-01
1.303533030448447982e-01
1.280382749023182831e-01
1.306822255504744013e-01
1.373814554408782085e-01
1.366634539131441894e-01
1.347732428024000229e-01
1.326501866619467507e-01
1.334982233852032574e-01
1.339477622941179225e-01
1.323098746552187066e-01
1.331885525404217230e-01
1.368834727552022679e-01
1.383738438441746710e-01
1.321458780427754442e-01
1.388784348506753863e-01
1.329839964774244820e-01
1.383656143535360317e-01
1.401700336076447673e-01
1.363008703871612382e-01
1.395609820695586090e-01
1.433396428173533688e-01
1.378401247890709558e-01
1.384856138976662265e-01
1.385419105156292519e-01
1.378236978245659661e-01
1.403569535108782906e-01
1.367777592193356595e-01
1.389982667796556548e-01
1.458742807482567572e-01
1.419274804645496157e-01
1.362440619789135332e-01
1.377718383226724241e-01
1.364163990900220669e-01
1.395090610950605881e-01
1.428177046228122637e-01
1.484066447348303952e-01
1.386262292223155168e-01
1.430665579610431726e-01
1.448074211997205374e-01
1.495160754870176190e-01
1.348681098155550817e-01
1.455834237141858667e-01
1.479816147766608303e-01
1.358055968614415576e-01
1.469830528314312879e-01
1.465063047944751007e-01
1.527841376463147383e-01
1.495958886508752528e-01
1.482775982654496727e-01
1.475109733654960398e-01
1.488904738390501026e-01
1.470926383862401765e-01
1.450286251548727201e-01
1.472873629219491332e-01
1.515812875694866613e-01
1.492846532194378184e-01
1.503867674789750586e-01
1.467778345034984611e-01
1.530967996194534941e-01
1.490043930870673938e-01
1.519009520415575409e-01
1.476549856958655205e-01
1.487683254243364339e-01
1.555028080176088234e-01
1.524540829105062167e-01
1.520202000212679261e-01
1.597204672850075780e-01
1.525569851609437921e-01
1.537863697360474791e-01
1.527182310836752988e-01
1.573580552056132731e-01
1.520680692123464739e-01
1.518642922249410776e-01
1.550526560607843329e-01
1.531595895011582109e-01
1.574703850717829867e-01
1.496177453404964885e-01
1.492047284697315956e-01
1.548358889331183097e-01
1.602913265128189657e-01
1.577670144481639336e-01
1.554249365384067771e-01
1.586507405449890662e-01
1.587850070285138915e-01
1.568366872334481243e-01
1.626108346031959195e-01
1.629445476960327543e-01
1.566949042029361361e-01
1.635437229644569057e-01
1.552256221909232570e-01
1.566362573640778799e-01
1.583999199738548580e-01
1.636035111111290019e-01
1.619574722890601004e-01
1.585361600529347215e-01
1.625235019367378131e-01
1.568041783708832293e-01
1.700404715048152160e-01
1.673988384681662778e-01
1.594053095353334393e-01
1.655040551104127733e-01
1.629024335630347708e-01
1.579569385058212649e-01
1.718261173150974763e-01
1.700892052791146414e-01
1.624395181579989522e-01
1.733449715256447365e-01
1.682237668427069566e-01
1.706079582547410101e-01
1.632844720110012138e-01
1.701463645022677496e-01
1.637095796717221441e-01
1.694728557761422671e-01
1.635678393918028883e-01
1.687966910820327404e-01
1.720640561354710718e-01
1.673665731384529343e-01
1.732894210883979269e-01
1.710945265560910589e-01
1.676321079907019673e-01
1.694921277843451091e-01
1.721468186425692548e-01
1.681719611143473458e-01
1.744830699409081198e-01
1.779737921789876776e-01
1.718935408721414537e-01
1.719108186702116847e-01
1.737661650708152428e-01
1.701053981627097256e-01
1.720726794080518762e-01
1.790044597276534699e-01
1.680424741152915236e-01
1.763252067633134801e-01
1.708657860329763634e-01
1.797678424316821455e-01
1.714533811167403832e-01
1.699416011234123614e-01
1.727433933602030847e-01
1.780689223958379086e-01
1.753307412410028132e-01
1.787216509624175720e-01
1.756100554956522009e-01
1.720182443299929920e-01
1.755253699197679707e-01
1.789634332450010801e-01
1.765952004864828617e-01
1.783223329307000449e-01
1.780938014779871459e-01
1.765788614409472268e-01
1.758716491318523811e-01
1.800583097756063844e-01
1.798283301796487488e-01
1.819158704927373027e-01
1.818147815446417848e-01
1.784956301373116505e-01
1.801297990219475897e-01
1.760214597210471021e-01
1.823810179922916719e-01
1.791265302512109747e-01
1.776673219847011431e-01
1.842946186121833252e-01
1.851103025223556353e-01
1.860755438465983291e-01
1.828308573489298150e-01
1.863676328969691709e-01
1.935484511654035344e-01
1.842952443546969910e-01
1.900917047037615770e-01
1.825081043308348083e-01
1.873120554206167132e-01
1.776833882871878545e-01
1.865945385765044040e-01
1.801217987371593610e-01
1.852922609817324595e-01
1.866567642225475665e-01
1.872917342572241184e-01
1.861494313689797953e-01
1.922466940917059441e-01
1.885564024639030944e-01
1.880222581477618560e-01
1.872622166155573642e-01
1.893605588131567485e-01
1.920022168092131998e-01
1.879736377660837510e-01
1.949315410159674633e-01
1.950366145882182212e-01
1.976028977295483935e-01
1.935613810405747981e-01
1.987101131820421529e-01
1.939251792139676800e-01
1.924194099393870538e-01
1.934552737034461734e-01
1.961000405721250728e-01
2.013592855516540547e-01
1.942327821365896490e-01
1.987314459104132514e-01
2.038802818381354465e-01
1.949888040030319236e-01
1.924093243959882349e-01
1.921264787470398916e-01
1.958432381886894280e-01
1.988213545781696290e-01
2.000301654262503781e-01
1.986077062856940190e-01
2.039189873798537000e-01
1.922928636742553821e-01
1.993863834654840406e-01
1.967780493726400681e-01
1.976297009144660499e-01
1.982930291260772415e-01
1.964625234764584005e-01
2.020701693546102240e-01
1.930691935509714074e-01
1.997376867867201033e-01
2.055351318075855360e-01
1.924087444373842881e-01
2.058761144007616728e-01
1.946420809372884919e-01
1.984384850194220729e-01
1.991460982684129521e-01
1.985898952324464395e-01
2.113707495358917998e-01
2.012118622008043090e-01
2.064873644844285039e-01
2.061582185561214864e-01
2.016944158059505721e-01
2.128847398850230443e-01
1.976241001129592223e-01
2.014961794839157661e-01
2.149480950060611573e-01
2.075032879900375049e-01
2.086554844395404062e-01
2.082357232925669821e-01
2.155292646583831240e-01
1.996469937964805152e-01
2.059796931154398714e-01
2.043371815858178175e-01
2.086311540388329777e-01
2.103762130197706637e-01
2.061322076708343998e-01
2.044202749754853721e-01
2.102431192663559434e-01
2.093818318259376698e-01
2.091029890740873642e-01
2.066134097597406571e-01
2.155334248375165851e-01
2.097492979359704968e-01
2.150566078417802396e-01
2.122613158017225554e-01
2.128731767391366381e-01
2.050143644281106070e-01
2.178094574598054001e-01
2.123819454156562758e-01
2.138842616014932363e-01
2.104623260811595842e-01
2.161869895229497907e-01
2.134596086984475727e-01
2.142232365051752740e-01
2.119796613264918750e-01
2.177500710490107572e-01
2.142285570556663188e-01
2.170764190009652483e-01
2.107096365171454155e-01
2.141521044604807467e-01
2.163319908847594342e-01
2.117392961335231860e-01
2.139645390313874573e-01
2.182601391341127128e-01
2.130385471756899018e-01
2.170063743216495700e-01
2.198928329631942846e-01
2.158334213825405801e-01
2.178470173453133096e-01
2.200465414902101624e-01
2.129343812449499551e-01
2.232264762061117180e-01
2.196524064382218422e-01
2.228821073917272577e-01
2.321720873414832853e-01
2.182480915973219471e-01
2.224259726290291339e-01
2.277940015685422093e-01
2.204175784916230230e-01
2.228495830099070651e-01
2.213366986509705259e-01
2.204238629759284751e-01
2.274564369628444827e-01
2.185282995442595355e-01
2.278220143730409486e-01
2.301675629302004922e-01
2.277307295136044296e-01
2.313369864063908321e-01
2.293356108158702278e-01
2.326296712128575750e-01
2.175025687798768093e-01
2.299046157774493337e-01
2.239879025915119115e-01
2.217944666899823447e-01
2.249013930260569394e-01
2.313375603135305880e-01
2.290354785548287531e-01
2.284679982823847322e-01
2.162327841542167339e-01
2.346438346047290957e-01
2.391598263789097290e-01
2.291302506930462946e-01
2.396455800333005814e-01
2.327758335595656314e-01
2.357552525803219556e-01
2.276320492124486172e-01
2.350226040606287203e-01
2.339276023867121745e-01
2.347054504141497244e-01
2.323028716583373787e-01
2.429446832455867678e-01
2.306345331755768890e-01
2.391481547483464420e-01
2.307320912557300208e-01
2.363223801087554199e-01
2.350117147524134198e-01
2.344841852408433847e-01
2.304184948892420148e-01
2.429121234668120133e-01
2.399573236807403254e-01
2.380664165599593873e-01
2.376514598410687795e-01
2.402104101141372960e-01
2.444490941484892266e-01
2.466270225927359450e-01
2.408000790505420985e-01
2.449201292874170488e-01
2.395914395936959429e-01
2.359215055955226903e-01
2.428624144460581058e-01
2.443004101679081275e-01
2.462434791397966061e-01
2.443300640549815050e-01
2.359427985403748373e-01
2.319941276215672366e-01
2.396551071024174140e-01
2.522830211314974203e-01
2.408400304462426644e-01
2.425098037615159852e-01
2.439596001855855456e-01
2.431931569102456780e-01
2.494646565163958774e-01
2.498488259100887787e-01
2.490191471371379361e-01
2.488316820841957044e-01
2.495162025052471699e-01
2.479718825718985609e-01
2.491087665394134121e-01
2.509919112016111287e-01
2.473061152863720580e-01
2.505653991497744926e-01
2.525083167198700074e-01
2.491187357581884920e-01
2.526220444349578376e-01
2.583832506643203852e-01
2.597033264914040962e-01
2.485561325096506402e-01
2.432131380838292722e-01
2.471516401506744509e-01
2.550990288458108712e-01
2.514576585054357771e-01
2.401395653336328428e-01
2.502545458219000429e-01
2.471670382810216837e-01
2.478608612681879875e-01
2.587770185015770275e-01
2.408983835481212921e-01
2.426594181419496343e-01
2.517378819043837312e-01
2.530474066037751713e-01
2.545000527427071502e-01
2.606899168147682744e-01
2.577681787930953261e-01
2.584314644406603412e-01
2.547973867866006326e-01
2.475483996973025513e-01
2.632144144266336250e-01
2.537733762589640674e-01
2.572870339525732963e-01
2.701618536606658627e-01
2.623381089809601607e-01
2.558683832220011167e-01
2.666234759586601499e-01
2.518752720315179383e-01
2.635990714857387451e-01
2.722045085695927180e-01
2.615446565453181105e-01
2.629643484496208550e-01
2.533355066278816792e-01
2.609962603716278196e-01
2.624161175352929809e-01
2.569036712982408210e-01
2.647734038146613567e-01
2.689894124042550572e-01
2.617481071608399046e-01
2.669240118572917542e-01
2.581551394994801019e-01
2.624532602024833294e-01
2.716854845791929485e-01
2.556432766191150119e-01
2.693638415330541491e-01
2.727151566107537950e-01
2.590773857799713586e-01
2.617769461632213357e-01
2.675672861846201123e-01
2.607762541617574259e-01
2.580758592500321247e-01
2.648303462785481788e-01
2.628088974281261869e-01
2.794246198724077979e-01
2.734248438011708249e-01
2.698111927840050051e-01
2.652305982840805765e-01
2.583508994788805135e-01
2.616754858376498794e-01
2.692377907348376676e-01
2.723155209064396232e-01
2.706486758894254274e-01
2.681819095148351151e-01
2.687211104092525060e-01
2.811368708897264979e-01
2.729959588992132424e-01
2.729169822353584851e-01
2.732938569274953045e-01
2.673798269300629582e-01
2.781767984556463569e-01
2.830191598187802859e-01
2.674856044969670110e-01
2.722744748338212228e-01
2.700002094862626323e-01
2.777655891624072337e-01
2.861900205065364688e-01
2.738636589912294417e-01
2.730764192873406104e-01
2.813688962992733633e-01
2.874669914095584478e-01
2.829175447551446343e-01
2.706945729278754653e-01
2.849144914511878013e-01
2.757004986612250907e-01
2.771574375601670859e-01
2.741713873299643778e-01
2.737821627540933944e-01
2.788989638012273065e-01
2.810581734392276210e-01
2.934997058664484126e-01
2.898703215561339031e-01
2.819782605955721277e-01
2.692102545699076033e-01
2.879046642109694965e-01
2.819157165981817093e-01
2.833533348425180121e-01
2.787549428912609040e-01
2.806865778492610430e-01
2.919699088404097420e-01
2.944820814255459940e-01
2.788637336668463029e-01
2.738560436432675993e-01
2.937154956355147450e-01
2.873886608041137936e-01
2.912785562083294866e-01
2.849396794484230222e-01
2.775632250380765109e-01
2.921941721084368448e-01
2.777051999082200684e-01
2.780301617390073532e-01
2.936884027097549921e-01
2.817641094067034890e-01
2.903763962125825993e-01
2.963447070096015268e-01
2.905422575226039306e-01
2.775316738797324323e-01
2.863323975074666961e-01
3.005920053975593143e-01
2.923942634017688835e-01
2.864735809577864667e-01
2.898547562593833393e-01
2.918133353645891437e-01
2.931963026719769938e-01
2.824671121833033371e-01
2.867393114765285911e-01
2.966704627571752906e-01
2.868260922885961794e-01
2.840406321670957412e-01
2.916589740363078054e-01
2.911529567179046984e-01
2.866963413354121082e-01
2.961790095586179228e-01
2.970313022160023242e-01
2.832706474955604681e-01
2.939532087418958994e-01
2.918994364065406466e-01
3.004117023018983423e-01
3.155373882744747505e-01
2.991387071375149476e-01
2.998546162082099675e-01
3.043398662131067689e-01
2.987290309243926800e-01
2.922668660683266917e-01
3.028646695593332216e-01
3.055136260722096098e-01
3.003564496570989562e-01
3.096591360441146579e-01
3.095840381428624499e-01
2.975874695179628882e-01
2.988381791953445554e-01
3.042571562675158159e-01
3.021694530122246980e-01
3.034161519844795207e-01
3.035251128165289414e-01
2.972453184007267102e-01
3.096427757331174924e-01
3.023898792344157371e-01
3.013958006813593493e-01
3.146612321930856160e-01
3.087905041733671752e-01
3.025474298487718094e-01
2.990160731017664775e-01
2.972834869060397289e-01
2.993501659555495298e-01
